J, Jp,  transition energy (au), line strength (au), the level inverse lifetime (au), transition energy (nm) ,linewidth (Hz)
9.0,8.0,-0.072775259,2.546,0.0,-626.0,0.0
9.0,9.0,0.0070265406,42.75,3.796e-13,6483.0,2498.0
9.0,8.0,0.0074769792,25.34,3.428e-13,6092.0,2255.0
9.0,10.0,0.011346623,43.42,1.461e-12,4015.0,9612.0
9.0,8.0,0.013353958,0.2838,6.584e-14,3411.0,433.0
9.0,8.0,0.013919353,0.0005071,3.093e-16,3273.0,2.0
9.0,9.0,0.01489222,4.631,6.419e-13,3059.0,4223.0
9.0,10.0,0.017430732,12.97,3.268e-12,2613.0,21501.0
9.0,8.0,0.019233398,0.01443,3.894e-14,2368.0,256.0
9.0,9.0,0.019303565,0.2416,1.045e-13,2360.0,688.0
9.0,8.0,0.021950108,0.03819,2.458e-14,2075.0,162.0
9.0,8.0,0.025526598,0.02009,1.285e-13,1784.0,845.0
9.0,9.0,0.027560998,0.1736,1.99e-13,1653.0,1309.0
9.0,10.0,0.029683517,0.2434,1.685e-13,1535.0,1109.0
9.0,9.0,0.032070851,0.01897,4.135e-13,1420.0,2721.0
9.0,8.0,0.033298143,0.0002213,1.751e-13,1368.0,1152.0
9.0,8.0,0.033792459,0.1097,6.021e-13,1348.0,3961.0
9.0,8.0,0.034455633,0.02481,9.612e-14,1322.0,632.0
9.0,9.0,0.035575396,0.02635,5.351e-14,1280.0,352.0
9.0,10.0,0.035583324,0.04457,1.765e-12,1280.0,11613.0
9.0,9.0,0.035856248,0.01853,7.659e-14,1270.0,504.0
9.0,8.0,0.036205718,0.001735,4.955e-15,1258.0,33.0
9.0,9.0,0.044021187,8.106e-6,8.896e-17,1035.0,1.0
9.0,8.0,0.045442306,0.00313,1.225e-14,1002.0,81.0
9.0,8.0,0.048346509,0.00225,4.57e-14,942.0,301.0
9.0,9.0,0.048695979,1.084e-6,3.551e-14,935.0,234.0
9.0,8.0,0.049527964,0.002284,2.78e-14,920.0,183.0
9.0,9.0,0.050771386,0.001832,5.952e-14,897.0,392.0
9.0,8.0,0.051185556,0.08931,3.688e-13,890.0,2426.0
9.0,8.0,0.06197084,0.0007469,5.646e-15,735.0,37.0
9.0,8.0,0.062564985,0.001588,1.535e-14,728.0,101.0
9.0,8.0,0.063936439,8.707e-6,7.362e-17,712.0,0.0
9.0,10.0,0.067058435,1.558e-5,6.563e-16,679.0,4.0
9.0,8.0,0.070631507,0.08728,1.212e-12,645.0,7974.0
9.0,8.0,0.074292061,9.624e-7,3.803e-17,613.0,0.0
9.0,9.0,0.086140335,1.577e-7,2.985e-17,529.0,0.0
9.0,8.0,0.099316779,0.1439,6.372e-12,459.0,41924.0
9.0,9.0,0.099550974,0.01244,1.882e-12,458.0,12382.0
9.0,10.0,0.099859893,0.0007431,2.44e-12,456.0,16054.0
9.0,8.0,0.10009318,0.0811,3.426e-12,455.0,22541.0
9.0,9.0,0.10043171,0.1273,5.52e-12,454.0,36318.0
9.0,9.0,0.10127281,0.004819,7.971e-13,450.0,5244.0
9.0,8.0,0.101923,0.0004877,1.378e-12,447.0,9066.0
9.0,8.0,0.10306345,0.02331,2.064e-12,442.0,13580.0
9.0,10.0,0.10308532,0.000174,7.995e-13,442.0,5260.0
9.0,9.0,0.10442624,9.422e-6,6.89e-13,436.0,4533.0
9.0,8.0,0.10615355,0.0053,6.275e-13,429.0,4129.0
9.0,8.0,0.10900945,1.758e-8,8.639e-17,418.0,1.0
9.0,8.0,0.10919945,0.000559,4.074e-13,417.0,2680.0
9.0,10.0,0.11432122,6.725e-5,6.794e-14,398.0,447.0
9.0,8.0,0.11515822,6.041e-5,1.067e-12,396.0,7020.0
9.0,9.0,0.1154799,8.71e-5,7.599e-14,394.0,500.0
9.0,8.0,0.11628819,0.0001727,1.297e-13,392.0,853.0
9.0,8.0,0.11786969,8.847e-6,1.938e-14,386.0,128.0
9.0,9.0,0.11905479,6.643e-5,3.412e-13,383.0,2245.0
9.0,8.0,0.1195291,0.0005766,8.78e-14,381.0,578.0
9.0,10.0,0.1215676,4.735e-5,1.252e-12,375.0,8237.0
9.0,8.0,0.12169199,0.006106,1.162e-12,374.0,7645.0
9.0,9.0,0.12198679,5.039e-5,3.865e-13,373.0,2543.0
9.0,8.0,0.12232806,0.0007386,2.526e-13,372.0,1662.0
9.0,8.0,0.12432783,0.005384,7.253e-13,366.0,4772.0
9.0,8.0,0.12458162,7.63e-5,3.352e-13,366.0,2205.0
9.0,9.0,0.12652398,0.003218,6.551e-13,360.0,4310.0
9.0,8.0,0.1277027,1.995e-5,8.128e-13,357.0,5348.0
9.0,8.0,0.12815651,0.00211,9.829e-13,355.0,6467.0
9.0,10.0,0.12838114,1.417e-5,1.633e-12,355.0,10744.0
9.0,9.0,0.12989885,3.121e-6,2.51e-12,351.0,16514.0
9.0,10.0,0.13242807,2.155e-6,1.798e-12,344.0,11830.0
9.0,9.0,0.13286228,9.909e-8,6.405e-13,343.0,4214.0
9.0,8.0,0.13312108,1.37e-5,6.939e-14,342.0,457.0
9.0,8.0,0.13373209,3.795e-5,9.606e-13,341.0,6320.0
9.0,9.0,0.13376899,6.698e-6,2.595e-12,341.0,17074.0
9.0,8.0,0.13415902,9.031e-7,3.473e-13,340.0,2285.0
9.0,8.0,0.13586673,7.582e-5,7.068e-13,335.0,4650.0
9.0,10.0,0.13608908,0.001056,1.653e-12,335.0,10876.0
9.0,9.0,0.13665269,6.374e-7,2.129e-13,333.0,1401.0
9.0,9.0,0.13754163,7.651e-5,3.012e-13,331.0,1982.0
9.0,8.0,0.13784508,3.861e-5,2.292e-13,330.0,1508.0
9.0,9.0,0.1382547,8.256e-6,1.376e-12,329.0,9053.0
9.0,10.0,0.13898918,0.001368,1.55e-11,328.0,101980.0
9.0,8.0,0.1391081,7.864e-5,1.007e-12,327.0,6625.0
9.0,8.0,0.13961932,2.069e-5,2.441e-13,326.0,1606.0
9.0,9.0,0.13995056,0.0001514,1.566e-12,325.0,10303.0
9.0,8.0,0.14072377,1.542e-6,1.363e-12,324.0,8968.0
9.0,10.0,0.14377833,0.0001685,1.739e-12,317.0,11442.0
9.0,9.0,0.14385898,0.0004879,4.149e-12,317.0,27298.0
9.0,8.0,0.14634127,5.029e-5,9.061e-13,311.0,5962.0
9.0,10.0,0.14693086,1.1e-5,1.774e-13,310.0,1167.0
9.0,9.0,0.14704659,0.00253,2.064e-12,310.0,13580.0
9.0,9.0,0.14727759,0.001261,1.081e-12,309.0,7112.0
9.0,8.0,0.14762205,1.18e-8,1.858e-14,309.0,122.0
9.0,10.0,0.14844903,8.88e-5,9.797e-13,307.0,6446.0
9.0,8.0,0.14955895,9.688e-6,1.551e-13,305.0,1020.0
9.0,9.0,0.14974393,0.0002002,9.371e-13,304.0,6166.0
9.0,8.0,0.15015719,3.136e-5,6.577e-13,303.0,4327.0
9.0,9.0,0.15060827,3.244e-5,9.964e-13,302.0,6556.0
9.0,8.0,0.15105206,1.271e-5,4.749e-13,302.0,3125.0
9.0,10.0,0.15134366,0.002268,8.585e-13,301.0,5648.0
9.0,10.0,0.15176831,6.985e-5,1.064e-12,300.0,7000.0
9.0,9.0,0.15186627,1.618e-9,5.784e-13,300.0,3806.0
9.0,8.0,0.15221711,3.137e-10,7.827e-14,299.0,515.0
9.0,8.0,0.15327281,1.269e-5,4.844e-13,297.0,3187.0
9.0,9.0,0.15328238,3.971e-5,1.623e-12,297.0,10678.0
9.0,8.0,0.15384098,2.03e-6,4.697e-13,296.0,3090.0
9.0,8.0,0.15424741,2.182e-5,1.728e-12,295.0,11369.0
9.0,10.0,0.15487071,0.000269,2.725e-12,294.0,17929.0
9.0,10.0,0.15492038,1.656e-6,2.945e-12,294.0,19376.0
9.0,9.0,0.15553685,0.0003515,1.738e-12,293.0,11435.0
9.0,9.0,0.15643217,7.805e-5,4.608e-13,291.0,3032.0
9.0,8.0,0.15677253,3.004e-5,9.78e-13,291.0,6435.0
9.0,10.0,0.15743684,0.0001101,1.115e-12,289.0,7336.0
9.0,10.0,0.15785693,5.931e-6,1.042e-12,289.0,6856.0
9.0,9.0,0.15797266,3.896e-6,2.882e-12,288.0,18962.0
9.0,8.0,0.15797995,1.79e-5,3.708e-13,288.0,2440.0
9.0,9.0,0.15865064,7.628e-5,7.888e-13,287.0,5190.0
9.0,8.0,0.15912359,8.22e-6,7.748e-14,286.0,510.0
9.0,10.0,0.1594316,6.908e-8,6.538e-14,286.0,430.0
9.0,8.0,0.15967399,3.581e-5,2.719e-12,285.0,17889.0
9.0,9.0,0.15993416,2.046e-5,5.743e-12,285.0,37785.0
9.0,8.0,0.1604996,0.0002587,8.541e-13,284.0,5619.0
9.0,10.0,0.161009,8.806e-5,4.211e-12,283.0,27706.0
9.0,9.0,0.16112427,7.954e-6,4.735e-13,283.0,3115.0
9.0,8.0,0.16115252,4.85e-7,1.002e-12,283.0,6593.0
9.0,10.0,0.16197038,5.572e-7,1.078e-13,281.0,709.0
9.0,8.0,0.16254403,8.034e-5,1.23e-12,280.0,8093.0
9.0,10.0,0.16353184,2.61e-6,6.663e-13,279.0,4384.0
9.0,8.0,0.1637232,2.031e-6,2.465e-12,278.0,16218.0
9.0,9.0,0.16407996,2.267e-5,2.95e-12,278.0,19409.0
9.0,8.0,0.1643333,2.081e-5,6.167e-13,277.0,4058.0
9.0,9.0,0.16471557,0.0001295,1.84e-12,277.0,12106.0
9.0,10.0,0.16476615,0.0001586,2.498e-12,276.0,16435.0
9.0,8.0,0.1647707,2.671e-5,3.742e-13,276.0,2462.0
9.0,8.0,0.1654013,6.27e-5,2.335e-12,275.0,15363.0
9.0,9.0,0.16575897,5.113e-5,1.081e-12,275.0,7112.0
9.0,9.0,0.16611983,4.893e-5,2.159e-12,274.0,14205.0
9.0,8.0,0.16635813,0.0001032,1.014e-12,274.0,6671.0
9.0,8.0,0.16662331,1.508e-7,1.046e-11,273.0,68820.0
9.0,10.0,0.16678232,0.0006753,1.358e-12,273.0,8935.0
9.0,10.0,0.16692767,1.366e-6,8.173e-13,273.0,5377.0
9.0,9.0,0.16698872,4.125e-5,1.135e-12,273.0,7468.0
9.0,9.0,0.16719558,2.141e-5,1.347e-11,272.0,88624.0
9.0,8.0,0.16733136,2.357e-5,2.671e-12,272.0,17574.0
9.0,10.0,0.16741337,6.212e-5,1.654e-12,272.0,10882.0
9.0,9.0,0.16742978,0.0005818,3.272e-12,272.0,21528.0
9.0,8.0,0.16762798,1.647e-6,3.615e-13,272.0,2378.0
9.0,9.0,0.16789452,4.954e-6,2.467e-12,271.0,16231.0
9.0,8.0,0.16906595,1.431e-5,7.057e-13,269.0,4643.0
9.0,10.0,0.16933751,3.354e-6,1.576e-12,269.0,10369.0
9.0,8.0,0.1693735,4.094e-5,1.728e-12,269.0,11369.0
9.0,9.0,0.17013669,7.939e-5,1.801e-12,268.0,11849.0
9.0,9.0,0.17077366,3.311e-5,1.368e-12,267.0,9001.0
9.0,8.0,0.17099875,9.315e-5,2.02e-12,266.0,13290.0
9.0,10.0,0.17134639,1.76e-5,1.553e-12,266.0,10218.0
9.0,10.0,0.17176831,3.458e-7,2.33e-13,265.0,1533.0
9.0,8.0,0.17184941,1.445e-5,1.112e-12,265.0,7316.0
9.0,8.0,0.17192414,1.051e-5,8.767e-12,265.0,57681.0
9.0,9.0,0.17233785,1.5e-7,3.518e-12,264.0,23146.0
9.0,8.0,0.17351338,2.899e-7,8.452e-13,263.0,5561.0
9.0,9.0,0.17440597,0.0001521,1.513e-12,261.0,9955.0
9.0,9.0,0.17477275,0.0001105,1.1e-12,261.0,7237.0
9.0,8.0,0.17517644,7.275e-8,7.333e-13,260.0,4825.0
9.0,10.0,0.17570817,0.0001124,6.179e-13,259.0,4065.0
9.0,8.0,0.1758444,1.391e-6,3.874e-12,259.0,25489.0
9.0,9.0,0.17620025,3.795e-6,5.133e-12,259.0,33772.0
9.0,8.0,0.17638114,1.773e-6,1.406e-12,258.0,9251.0
9.0,8.0,0.17853901,2.952e-7,1.719e-12,255.0,11310.0
9.0,8.0,0.1787158,4.994e-6,1.702e-12,255.0,11198.0
9.0,9.0,0.17904887,7.982e-6,5.697e-12,254.0,37483.0
9.0,9.0,0.17932042,9.068e-6,1.858e-12,254.0,12224.0
9.0,10.0,0.17985716,3.557e-5,5.453e-12,253.0,35877.0
9.0,10.0,0.18007814,5.68e-5,4.049e-12,253.0,26640.0
9.0,8.0,0.18030687,2.004e-6,8.842e-13,253.0,5817.0
9.0,9.0,0.18062718,7.903e-6,2.641e-12,252.0,17376.0
9.0,9.0,0.18074747,3.102e-6,2.175e-12,252.0,14310.0
9.0,8.0,0.18123135,1.311e-6,8.778e-13,251.0,5775.0
9.0,8.0,0.18173391,2.337e-7,2.882e-12,251.0,18962.0
9.0,9.0,0.18175988,3.989e-5,3.167e-12,251.0,20837.0
9.0,9.0,0.18189839,4.257e-5,1.915e-12,250.0,12600.0
9.0,10.0,0.18235585,1.507e-5,3.265e-12,250.0,21482.0
9.0,8.0,0.18268482,1.493e-6,2.373e-12,249.0,15613.0
9.0,8.0,0.18298371,5.195e-6,2.283e-12,249.0,15021.0
9.0,9.0,0.18472651,1.062e-10,1.271e-11,247.0,83624.0
9.0,8.0,0.18527053,9.654e-7,4.786e-12,246.0,31489.0
9.0,8.0,0.18605468,6.112e-8,2.146e-12,245.0,14119.0
9.0,8.0,0.18633671,6.889e-7,7.026e-12,244.0,46227.0
9.0,8.0,0.18726575,1.086e-6,1.9e-13,243.0,1250.0
9.0,9.0,0.18983005,3.138e-10,7.533e-14,240.0,496.0
9.0,8.0,0.19089577,2.432e-8,1.004e-11,239.0,66057.0
9.0,8.0,0.19155416,2.141e-10,5.678e-12,238.0,37358.0
9.0,10.0,0.19193735,1.18e-6,8.529e-13,237.0,5612.0
9.0,10.0,0.19243171,2.791e-7,2.236e-12,237.0,14712.0
9.0,8.0,0.19265634,1.468e-5,2.312e-12,236.0,15212.0
9.0,10.0,0.19303087,1.852e-6,9.097e-13,236.0,5985.0
9.0,9.0,0.19336075,1.011e-5,3.823e-12,236.0,25153.0
9.0,8.0,0.19392528,8.149e-7,5.539e-12,235.0,36443.0
9.0,9.0,0.19429844,6.67e-6,1.814e-12,234.0,11935.0
9.0,9.0,0.19582937,8.573e-6,1.729e-12,233.0,11376.0
9.0,8.0,0.19628545,1.287e-5,9.872e-13,232.0,6495.0
9.0,8.0,0.19783962,2.095e-7,7.17e-11,230.0,471742.0
9.0,8.0,0.19900239,5.554e-9,1.665e-12,229.0,10955.0
9.0,9.0,0.20136439,8.811e-7,0.0,226.0,0.0
9.0,8.0,0.20196127,1.691e-9,0.0,226.0,0.0
9.0,9.0,0.20258002,5.254e-8,0.0,225.0,0.0
9.0,8.0,0.20282333,1.92e-7,0.0,225.0,0.0
9.0,10.0,0.20400934,4.132e-7,0.0,223.0,0.0
9.0,8.0,0.20476068,3.013e-8,0.0,222.0,0.0
9.0,9.0,0.20489919,3.233e-9,0.0,222.0,0.0
9.0,8.0,0.2058018,4.371e-6,0.0,221.0,0.0
9.0,10.0,0.20580636,2.144e-7,0.0,221.0,0.0
9.0,8.0,0.20815332,4.929e-6,0.0,219.0,0.0
9.0,8.0,0.20889327,1.253e-6,0.0,218.0,0.0
9.0,9.0,0.20934662,2.379e-7,0.0,218.0,0.0
9.0,8.0,0.20956715,3.79e-6,0.0,217.0,0.0
9.0,8.0,0.2097084,1.009e-6,0.0,217.0,0.0
9.0,9.0,0.21059916,7.937e-9,0.0,216.0,0.0
9.0,8.0,0.2106839,2.039e-6,0.0,216.0,0.0
9.0,8.0,0.21223032,1.139e-8,0.0,215.0,0.0
9.0,9.0,0.21349425,5.364e-6,0.0,213.0,0.0
9.0,9.0,0.21443741,3.07e-7,0.0,212.0,0.0
9.0,8.0,0.21447522,1.522e-5,0.0,212.0,0.0
9.0,10.0,0.21453218,3.612e-7,0.0,212.0,0.0
9.0,9.0,0.21467844,3.093e-8,0.0,212.0,0.0
9.0,10.0,0.21562798,1.007e-7,0.0,211.0,0.0
9.0,8.0,0.21615788,8.898e-8,0.0,211.0,0.0
9.0,10.0,0.21690967,4.415e-7,0.0,210.0,0.0
9.0,8.0,0.2189345,5.09e-6,0.0,208.0,0.0
9.0,9.0,0.21967855,3.848e-5,0.0,207.0,0.0
9.0,9.0,0.21992915,4.744e-7,0.0,207.0,0.0
9.0,8.0,0.22090466,8.398e-5,0.0,206.0,0.0
9.0,9.0,0.22183643,2.155e-8,0.0,205.0,0.0
9.0,10.0,0.22192482,3.021e-7,0.0,205.0,0.0
9.0,8.0,0.22231256,5.095e-6,0.0,205.0,0.0
9.0,8.0,0.22266522,6.39e-6,0.0,205.0,0.0
9.0,8.0,0.22302198,3.572e-5,0.0,204.0,0.0
9.0,9.0,0.22575122,2.132e-7,0.0,202.0,0.0
9.0,8.0,0.22653127,2.71e-7,0.0,201.0,0.0
9.0,9.0,0.22690671,4.476e-7,0.0,201.0,0.0
9.0,8.0,0.22693997,6.144e-8,0.0,201.0,0.0
9.0,8.0,0.22765987,9.516e-6,0.0,200.0,0.0
9.0,10.0,0.22787128,9.111e-7,0.0,200.0,0.0
9.0,9.0,0.22799339,1.574e-5,0.0,200.0,0.0
9.0,9.0,0.23030482,6.975e-7,0.0,198.0,0.0
9.0,8.0,0.23148172,3.037e-6,0.0,197.0,0.0
9.0,8.0,0.23232737,7.692e-6,0.0,196.0,0.0
9.0,10.0,0.23295888,2.195e-6,0.0,196.0,0.0
9.0,10.0,0.23378084,0.0001161,0.0,195.0,0.0
9.0,9.0,0.23392619,4.169e-6,0.0,195.0,0.0
9.0,8.0,0.23554505,2.963e-7,0.0,193.0,0.0
9.0,8.0,0.23703588,5.861e-5,0.0,192.0,0.0
9.0,9.0,0.23713885,9.621e-5,0.0,192.0,0.0
9.0,8.0,0.23823101,1.299e-5,0.0,191.0,0.0
9.0,9.0,0.23856772,9.328e-5,0.0,191.0,0.0
9.0,8.0,0.23895136,7.258e-5,0.0,191.0,0.0
9.0,8.0,0.2398567,7.947e-7,0.0,190.0,0.0
9.0,8.0,0.24025857,2.683e-6,0.0,190.0,0.0
9.0,10.0,0.24112929,0.0001627,0.0,189.0,0.0
9.0,9.0,0.24127418,7.652e-7,0.0,189.0,0.0
9.0,9.0,0.24181911,0.001059,0.0,188.0,0.0
9.0,8.0,0.24186513,4.745e-7,0.0,188.0,0.0
9.0,10.0,0.24263242,6.034e-8,0.0,188.0,0.0
9.0,9.0,0.24301971,2.184e-6,0.0,187.0,0.0
9.0,8.0,0.2433587,3.105e-5,0.0,187.0,0.0
9.0,9.0,0.2433669,6.339e-5,0.0,187.0,0.0
9.0,8.0,0.24391457,0.0002072,0.0,187.0,0.0
9.0,8.0,0.24473334,0.0001716,0.0,186.0,0.0
9.0,8.0,0.24705889,1.137e-5,0.0,184.0,0.0
9.0,10.0,0.24725026,5.77e-6,0.0,184.0,0.0
9.0,9.0,0.24732361,7.446e-5,0.0,184.0,0.0
9.0,8.0,0.24859711,1.458e-6,0.0,183.0,0.0
9.0,10.0,0.2488231,3.994e-5,0.0,183.0,0.0
9.0,8.0,0.24982595,1.296e-7,0.0,182.0,0.0
9.0,10.0,0.24996856,1.888e-6,0.0,182.0,0.0
9.0,9.0,0.25071079,1.249e-5,0.0,182.0,0.0
9.0,9.0,0.25137464,3.124e-7,0.0,181.0,0.0
9.0,8.0,0.2514922,1.379e-7,0.0,181.0,0.0
9.0,9.0,0.25158105,9.931e-7,0.0,181.0,0.0
9.0,8.0,0.25172913,9.708e-6,0.0,181.0,0.0
9.0,8.0,0.25194464,9.762e-6,0.0,181.0,0.0
9.0,10.0,0.25216881,7.189e-7,0.0,181.0,0.0
9.0,8.0,0.25249094,1.516e-5,0.0,180.0,0.0
9.0,10.0,0.2526208,1.022e-7,0.0,180.0,0.0
9.0,8.0,0.25285955,7.577e-8,0.0,180.0,0.0
9.0,8.0,0.25324183,3.846e-5,0.0,180.0,0.0
9.0,8.0,0.25382595,1.768e-10,0.0,179.0,0.0
9.0,9.0,0.2542989,5.556e-5,0.0,179.0,0.0
9.0,9.0,0.25465247,8.496e-9,0.0,179.0,0.0
9.0,8.0,0.25517417,3.245e-6,0.0,179.0,0.0
9.0,8.0,0.25541975,1.638e-6,0.0,178.0,0.0
9.0,9.0,0.25550678,6.132e-7,0.0,178.0,0.0
9.0,10.0,0.25552774,2.09e-6,0.0,178.0,0.0
9.0,8.0,0.25627042,9.592e-7,0.0,178.0,0.0
9.0,10.0,0.25644857,9.151e-6,0.0,178.0,0.0
9.0,9.0,0.2566814,4.417e-7,0.0,177.0,0.0
9.0,8.0,0.25715207,4.923e-7,0.0,177.0,0.0
9.0,9.0,0.25723955,2.946e-5,0.0,177.0,0.0
9.0,10.0,0.25808247,2.816e-7,0.0,176.0,0.0
9.0,8.0,0.25990044,2.364e-7,0.0,175.0,0.0
9.0,8.0,0.26061214,3.785e-6,0.0,175.0,0.0
9.0,9.0,0.26095341,2.247e-6,0.0,175.0,0.0
9.0,9.0,0.26204329,7.444e-9,0.0,174.0,0.0
9.0,8.0,0.26246702,3.044e-6,0.0,174.0,0.0
9.0,8.0,0.26252899,4.962e-6,0.0,174.0,0.0
9.0,8.0,0.26393462,1.731e-6,0.0,173.0,0.0
9.0,9.0,0.26412644,3.291e-8,0.0,172.0,0.0
9.0,9.0,0.26481718,2.677e-6,0.0,172.0,0.0
9.0,10.0,0.26576079,3.425e-8,0.0,171.0,0.0
9.0,8.0,0.26829912,1.841e-6,0.0,170.0,0.0
9.0,10.0,0.26878483,1.061e-6,0.0,169.0,0.0
9.0,8.0,0.27032988,1.789e-9,0.0,169.0,0.0
9.0,8.0,0.27359358,1.998e-7,0.0,166.0,0.0
9.0,9.0,0.27359449,1.069e-6,0.0,166.0,0.0
9.0,9.0,0.27381911,6.565e-7,0.0,166.0,0.0
9.0,10.0,0.27415537,9.054e-7,0.0,166.0,0.0
9.0,8.0,0.27423921,5.012e-11,0.0,166.0,0.0
9.0,9.0,0.2742629,1.579e-7,0.0,166.0,0.0
9.0,10.0,0.27516915,2.731e-6,0.0,166.0,0.0
9.0,10.0,0.27522429,7.838e-6,0.0,166.0,0.0
9.0,9.0,0.27596742,2.817e-7,0.0,165.0,0.0
9.0,8.0,0.27625356,7.483e-6,0.0,165.0,0.0
9.0,9.0,0.27811938,2.995e-6,0.0,164.0,0.0
9.0,8.0,0.27908395,1.072e-6,0.0,163.0,0.0
9.0,9.0,0.27917963,1.961e-5,0.0,163.0,0.0
9.0,8.0,0.27965714,4.591e-7,0.0,163.0,0.0
9.0,8.0,0.28007905,4.764e-7,0.0,163.0,0.0
9.0,10.0,0.28038478,7.843e-8,0.0,162.0,0.0
9.0,8.0,0.28116984,3.022e-8,0.0,162.0,0.0
9.0,9.0,0.28126142,4.071e-5,0.0,162.0,0.0
9.0,8.0,0.28164233,1.141e-6,0.0,162.0,0.0
9.0,9.0,0.28174166,1.557e-5,0.0,162.0,0.0
9.0,9.0,0.28199089,3.417e-5,0.0,162.0,0.0
9.0,8.0,0.28229753,1.518e-5,0.0,161.0,0.0
9.0,10.0,0.282837,6.013e-8,0.0,161.0,0.0
9.0,8.0,0.28341474,1.162e-5,0.0,161.0,0.0
9.0,8.0,0.28383073,7.132e-7,0.0,160.0,0.0
9.0,9.0,0.28431279,8.359e-6,0.0,160.0,0.0
9.0,8.0,0.2843178,1.917e-6,0.0,160.0,0.0
9.0,10.0,0.28499761,2.021e-7,0.0,160.0,0.0
9.0,8.0,0.2867322,6.282e-9,0.0,159.0,0.0
9.0,9.0,0.28721472,2.256e-6,0.0,159.0,0.0
9.0,9.0,0.28756282,6.141e-6,0.0,158.0,0.0
9.0,10.0,0.28845814,1.286e-7,0.0,158.0,0.0
9.0,8.0,0.28936758,3.216e-7,0.0,157.0,0.0
9.0,8.0,0.28975988,4.993e-7,0.0,157.0,0.0
9.0,8.0,0.29030345,1.471e-7,0.0,157.0,0.0
9.0,8.0,0.29380453,1.589e-7,0.0,155.0,0.0
9.0,8.0,0.29399863,9.976e-9,0.0,155.0,0.0
9.0,9.0,0.29530858,4.693e-7,0.0,154.0,0.0
9.0,8.0,0.2964267,0.0001235,0.0,154.0,0.0
9.0,8.0,0.29798086,3.003e-9,0.0,153.0,0.0
9.0,8.0,0.29819592,2.097e-7,0.0,153.0,0.0
9.0,9.0,0.29947306,5.171e-7,0.0,152.0,0.0
9.0,8.0,0.30147101,4.296e-9,0.0,151.0,0.0
9.0,8.0,0.31008703,5.189e-7,0.0,147.0,0.0
9.0,8.0,0.31181023,4.013e-8,0.0,146.0,0.0
9.0,9.0,0.31267866,4.186e-7,0.0,146.0,0.0
9.0,8.0,0.31364688,5.111e-9,0.0,145.0,0.0
9.0,8.0,0.32419342,4.232e-9,0.0,141.0,0.0
9.0,9.0,0.32493883,1.828e-8,0.0,140.0,0.0
9.0,8.0,0.32551384,5.314e-8,0.0,140.0,0.0
9.0,8.0,0.32809363,1.436e-7,0.0,139.0,0.0
9.0,8.0,0.33256339,3.607e-7,0.0,137.0,0.0
9.0,9.0,0.34678916,5.725e-10,0.0,131.0,0.0
9.0,8.0,0.34716688,2.332e-8,0.0,131.0,0.0
9.0,8.0,0.34909511,4.361e-9,0.0,130.0,0.0
9.0,9.0,0.35175236,3.163e-8,0.0,129.0,0.0
9.0,10.0,0.35196059,1.149e-11,0.0,129.0,0.0
9.0,8.0,0.35494817,1.756e-7,0.0,128.0,0.0
9.0,8.0,0.35583392,2.293e-9,0.0,128.0,0.0
9.0,10.0,0.35831029,1.184e-9,0.0,127.0,0.0
9.0,8.0,0.35985306,4.047e-9,0.0,127.0,0.0
9.0,9.0,0.36135027,7.713e-11,0.0,126.0,0.0
9.0,8.0,0.36307803,3.274e-12,0.0,125.0,0.0
9.0,9.0,0.36498257,2.184e-6,0.0,125.0,0.0
9.0,10.0,0.36621916,2.86e-10,0.0,124.0,0.0
9.0,9.0,0.36702654,6.761e-8,0.0,124.0,0.0
9.0,8.0,0.37059004,1.578e-7,0.0,123.0,0.0
9.0,8.0,0.37376307,9.549e-9,0.0,122.0,0.0
9.0,9.0,0.37859415,4.778e-5,0.0,120.0,0.0
9.0,8.0,0.38025584,8.369e-6,0.0,120.0,0.0
9.0,8.0,0.39171318,2.726e-7,0.0,116.0,0.0
9.0,8.0,0.39192824,8.902e-6,0.0,116.0,0.0
9.0,8.0,0.39429844,1.516e-6,0.0,116.0,0.0
9.0,8.0,0.3959255,2.675e-5,0.0,115.0,0.0
9.0,8.0,0.39793712,5.858e-9,0.0,114.0,0.0
9.0,8.0,0.39904568,1.458e-7,0.0,114.0,0.0
9.0,9.0,0.40007404,3.815e-6,0.0,114.0,0.0
9.0,9.0,0.40858617,8.556e-9,0.0,111.0,0.0
9.0,8.0,0.41046156,2.251e-7,0.0,111.0,0.0
9.0,8.0,0.4117879,1.628e-7,0.0,111.0,0.0
9.0,8.0,0.41397767,6.261e-6,0.0,110.0,0.0
9.0,8.0,0.41540882,1.683e-8,0.0,110.0,0.0
9.0,8.0,0.4169001,8.634e-12,0.0,109.0,0.0
9.0,8.0,0.418267,5.155e-9,0.0,109.0,0.0
9.0,9.0,0.41935915,2.249e-9,0.0,109.0,0.0
9.0,9.0,0.42701743,1.101e-9,0.0,107.0,0.0
9.0,10.0,0.42925914,4.31e-9,0.0,106.0,0.0
9.0,8.0,0.43206721,7.982e-10,0.0,105.0,0.0
9.0,8.0,0.43415446,1.329e-8,0.0,105.0,0.0
9.0,9.0,0.43508167,6.587e-9,0.0,105.0,0.0
9.0,8.0,0.43919057,4.104e-9,0.0,104.0,0.0
9.0,8.0,0.48675544,4.939e-12,0.0,94.0,0.0
9.0,8.0,0.49321722,5.934e-10,0.0,92.0,0.0
9.0,9.0,0.49639162,1.26e-9,0.0,92.0,0.0
9.0,8.0,0.5041155,3.801e-10,0.0,90.0,0.0
9.0,9.0,0.066468664,50.62,4.928e-10,685.0,3.242321e6
9.0,8.0,0.068377628,14.78,4.833e-10,666.0,3.179817e6
9.0,8.0,0.075792459,0.03372,1.249e-10,601.0,821765.0
9.0,8.0,0.086338991,0.004734,4.243e-10,528.0,2.791633e6
9.0,9.0,0.094522018,22.56,5.727e-10,482.0,3.768014e6
9.0,8.0,0.094718259,13.0,3.758e-10,481.0,2.472533e6
9.0,10.0,0.095378016,23.69,5.212e-10,478.0,3.429176e6
9.0,10.0,0.095843399,3.345,6.131e-10,475.0,4.033821e6
9.0,9.0,0.095646292,0.8198,2.91e-10,476.0,1.914601e6
9.0,8.0,0.097357512,0.01238,1.051e-10,468.0,691493.0
9.0,8.0,0.098599157,0.04791,2.238e-11,462.0,147247.0
9.0,9.0,0.098611915,0.09153,3.129e-11,462.0,205869.0
9.0,8.0,0.099198314,0.05065,2.401e-11,459.0,157971.0
9.0,9.0,0.099291263,0.4504,1.448e-10,459.0,952695.0
9.0,10.0,0.099571022,1.346,4.192e-10,457.0,2.758078e6
9.0,8.0,0.11437726,0.002162,9.086e-11,398.0,597803.0
9.0,9.0,0.11449391,0.0006106,2.956e-10,398.0,1.944866e6
9.0,10.0,0.11495683,0.002605,7.409e-10,396.0,4.874667e6
9.0,9.0,0.11530812,0.0001756,2.898e-11,395.0,190671.0
9.0,8.0,0.11534412,0.000348,5.643e-12,395.0,37127.0
9.0,8.0,0.11648274,7.424e-7,2.95e-14,391.0,194.0
9.0,8.0,0.11734936,3.253e-5,8.583e-14,388.0,565.0
9.0,9.0,0.11760314,7.879e-6,4.814e-13,387.0,3167.0
9.0,8.0,0.12877845,6.136e-5,9.901e-15,354.0,65.0
9.0,8.0,0.12915207,3.91e-5,5.756e-15,353.0,38.0
9.0,9.0,0.12924456,6.708e-6,1.201e-14,352.0,79.0
9.0,8.0,0.13045928,1.005e-7,2.584e-16,349.0,2.0
9.0,8.0,0.14010912,3.403e-6,1.605e-15,325.0,11.0
9.0,9.0,0.15448935,0.0005527,4.531e-10,295.0,2.98112e6
9.0,8.0,0.15514136,7.694e-5,4.305e-14,294.0,283.0
9.0,8.0,0.15533409,0.0001166,5.004e-10,293.0,3.292325e6
9.0,8.0,0.16231211,1.71e-5,1.233e-10,281.0,811238.0
9.0,8.0,0.17343684,6.12e-5,4.242e-10,263.0,2.790975e6
9.0,8.0,0.18059574,0.001563,5.229e-13,252.0,3440.0
9.0,9.0,0.18093564,0.0003881,4.139e-13,252.0,2723.0
9.0,8.0,0.18171022,1.014e-6,1.527e-11,251.0,100467.0
9.0,10.0,0.18265474,2.942e-5,6.09e-10,249.0,4.006846e6
9.0,9.0,0.18272263,4.074e-5,5.34e-10,249.0,3.513392e6
9.0,8.0,0.18283836,0.0002129,3.261e-10,249.0,2.145538e6
9.0,10.0,0.18329855,0.0001372,5.783e-10,249.0,3.804859e6
9.0,9.0,0.18357421,0.0001031,3.271e-10,248.0,2.152117e6
9.0,8.0,0.18396104,8.564e-5,9.512e-11,248.0,625831.0
9.0,9.0,0.18408042,1.175e-5,2.852e-11,247.0,187644.0
9.0,10.0,0.18426449,0.0005951,4.743e-10,247.0,3.120603e6
9.0,8.0,0.18455564,3.327e-5,3.677e-11,247.0,241924.0
9.0,8.0,0.18491696,1.913e-5,4.055e-13,246.0,2668.0
9.0,9.0,0.1851548,6.453e-5,3.866e-10,246.0,2.543591e6
9.0,10.0,0.18528511,2.033e-6,3.46e-10,246.0,2.276467e6
9.0,9.0,0.18538763,5.011e-6,1.467e-10,246.0,965196.0
9.0,8.0,0.18561408,8.593e-7,3.694e-11,245.0,243043.0
9.0,8.0,0.18613396,7.638e-7,5.543e-10,245.0,3.646954e6
9.0,8.0,0.18869598,1.097e-5,3.79e-13,241.0,2494.0
9.0,9.0,0.19216471,6.49e-7,1.25e-10,237.0,822423.0
9.0,8.0,0.20119262,3.406e-7,0.0,226.0,0.0
9.0,9.0,0.20138353,1.862e-6,0.0,226.0,0.0
9.0,8.0,0.20157489,5.922e-6,0.0,226.0,0.0
9.0,10.0,0.20185146,2.433e-5,0.0,226.0,0.0
9.0,9.0,0.20194441,1.166e-5,0.0,226.0,0.0
9.0,8.0,0.20219592,1.182e-5,0.0,225.0,0.0
9.0,9.0,0.20304021,2.748e-7,0.0,224.0,0.0
9.0,8.0,0.20315959,6.147e-7,0.0,224.0,0.0
9.0,8.0,0.20428819,3.924e-7,0.0,223.0,0.0
9.0,9.0,0.20504272,1.397e-5,0.0,222.0,0.0
9.0,8.0,0.20507005,6.188e-6,0.0,222.0,0.0
9.0,8.0,0.20548878,5.698e-5,0.0,222.0,0.0
9.0,9.0,0.20588062,1.432e-5,0.0,221.0,0.0
9.0,8.0,0.20628386,7.462e-7,0.0,221.0,0.0
9.0,10.0,0.20781752,9.259e-7,0.0,219.0,0.0
9.0,8.0,0.20869325,1.115e-6,0.0,218.0,0.0
9.0,9.0,0.20885773,2.827e-8,0.0,218.0,0.0
9.0,8.0,0.21198975,1.053e-6,0.0,215.0,0.0
9.0,8.0,0.21216061,0.0001577,0.0,215.0,0.0
9.0,10.0,0.21263128,1.509e-5,0.0,214.0,0.0
9.0,9.0,0.21265406,7.544e-5,0.0,214.0,0.0
9.0,10.0,0.21343684,2.5e-5,0.0,213.0,0.0
9.0,10.0,0.21380089,9.158e-6,0.0,213.0,0.0
9.0,9.0,0.21389976,3.62e-5,0.0,213.0,0.0
9.0,8.0,0.21402552,2.913e-5,0.0,213.0,0.0
9.0,9.0,0.21455769,1.807e-5,0.0,212.0,0.0
9.0,10.0,0.21482059,7.554e-7,0.0,212.0,0.0
9.0,8.0,0.21512769,4.731e-6,0.0,212.0,0.0
9.0,10.0,0.2153833,6.07e-8,0.0,211.0,0.0
9.0,8.0,0.21540335,1.452e-7,0.0,211.0,0.0
9.0,9.0,0.21558834,8.158e-6,0.0,211.0,0.0
9.0,9.0,0.21568812,2.978e-8,0.0,211.0,0.0
9.0,8.0,0.21571318,1.02e-6,0.0,211.0,0.0
9.0,8.0,0.21592186,4.958e-8,0.0,211.0,0.0
9.0,8.0,0.21707233,1.518e-7,0.0,210.0,0.0
9.0,9.0,0.21718077,1.089e-7,0.0,210.0,0.0
9.0,8.0,0.21773892,2.186e-7,0.0,209.0,0.0
9.0,8.0,0.21794168,9.624e-5,0.0,209.0,0.0
9.0,8.0,0.22013145,6.845e-6,0.0,207.0,0.0
9.0,8.0,0.22240506,1.97e-9,0.0,205.0,0.0
9.0,10.0,0.22684383,7.571e-6,0.0,201.0,0.0
9.0,9.0,0.22699647,4.818e-7,0.0,201.0,0.0
9.0,8.0,0.22716824,3.321e-8,0.0,201.0,0.0
9.0,9.0,0.23263584,6.927e-8,0.0,196.0,0.0
9.0,10.0,0.23278802,6.806e-7,0.0,196.0,0.0
9.0,8.0,0.23324957,3.929e-10,0.0,195.0,0.0
9.0,9.0,0.23334617,3.939e-8,0.0,195.0,0.0
9.0,10.0,0.23364461,3.928e-6,0.0,195.0,0.0
9.0,8.0,0.2336765,3.039e-6,0.0,195.0,0.0
9.0,9.0,0.2338911,1.283e-8,0.0,195.0,0.0
9.0,9.0,0.23399863,4.719e-6,0.0,195.0,0.0
9.0,8.0,0.23407564,1.201e-6,0.0,195.0,0.0
9.0,10.0,0.2344087,3.904e-7,0.0,194.0,0.0
9.0,9.0,0.2347969,1.749e-5,0.0,194.0,0.0
9.0,9.0,0.23495182,7.098e-7,0.0,194.0,0.0
9.0,10.0,0.23503383,1.0e-5,0.0,194.0,0.0
9.0,8.0,0.23537464,2.21e-7,0.0,194.0,0.0
9.0,8.0,0.23612325,1.112e-9,0.0,193.0,0.0
9.0,9.0,0.23674154,5.915e-6,0.0,192.0,0.0
9.0,10.0,0.23678711,1.541e-6,0.0,192.0,0.0
9.0,10.0,0.23753207,2.278e-7,0.0,192.0,0.0
9.0,8.0,0.237543,7.806e-8,0.0,192.0,0.0
9.0,9.0,0.23796674,2.231e-6,0.0,191.0,0.0
9.0,9.0,0.23840506,5.647e-9,0.0,191.0,0.0
9.0,8.0,0.23852124,9.01e-8,0.0,191.0,0.0
9.0,10.0,0.23862558,7.707e-9,0.0,191.0,0.0
9.0,8.0,0.24036063,3.024e-7,0.0,190.0,0.0
9.0,9.0,0.24268846,2.787e-8,0.0,188.0,0.0
9.0,10.0,0.24309762,1.313e-6,0.0,187.0,0.0
9.0,8.0,0.24353366,3.646e-8,0.0,187.0,0.0
9.0,9.0,0.24386035,9.565e-7,0.0,187.0,0.0
9.0,8.0,0.24400068,5.512e-7,0.0,187.0,0.0
9.0,10.0,0.24421529,8.109e-7,0.0,187.0,0.0
9.0,8.0,0.24459027,4.314e-10,0.0,186.0,0.0
9.0,9.0,0.24464404,3.174e-6,0.0,186.0,0.0
9.0,10.0,0.24470281,2.117e-8,0.0,186.0,0.0
9.0,9.0,0.24544595,1.626e-7,0.0,186.0,0.0
9.0,8.0,0.24583734,1.95e-7,0.0,185.0,0.0
9.0,8.0,0.24587652,3.153e-7,0.0,185.0,0.0
9.0,9.0,0.24606424,8.884e-6,0.0,185.0,0.0
9.0,8.0,0.24611755,1.751e-5,0.0,185.0,0.0
9.0,10.0,0.2463276,3.27e-5,0.0,185.0,0.0
9.0,9.0,0.24665383,1.445e-5,0.0,185.0,0.0
9.0,8.0,0.24705297,2.826e-6,0.0,184.0,0.0
9.0,9.0,0.24714956,1.81e-6,0.0,184.0,0.0
9.0,8.0,0.24753275,3.334e-8,0.0,184.0,0.0
9.0,8.0,0.24781114,1.052e-7,0.0,184.0,0.0
9.0,9.0,0.24826495,2.769e-8,0.0,183.0,0.0
9.0,10.0,0.24831917,2.813e-6,0.0,183.0,0.0
9.0,8.0,0.24870464,1.997e-7,0.0,183.0,0.0
9.0,9.0,0.24878619,1.396e-6,0.0,183.0,0.0
9.0,8.0,0.2490254,4.991e-7,0.0,183.0,0.0
9.0,9.0,0.24910058,6.461e-8,0.0,183.0,0.0
9.0,8.0,0.2495954,3.105e-7,0.0,183.0,0.0
9.0,8.0,0.249923,6.562e-7,0.0,182.0,0.0
9.0,9.0,0.25054311,7.083e-7,0.0,182.0,0.0
9.0,8.0,0.25189953,3.771e-7,0.0,181.0,0.0
9.0,8.0,0.25288643,5.765e-7,0.0,180.0,0.0
9.0,9.0,0.25297346,8.504e-7,0.0,180.0,0.0
9.0,8.0,0.2533161,6.011e-8,0.0,180.0,0.0
9.0,10.0,0.25431803,8.401e-9,0.0,179.0,0.0
9.0,8.0,0.25458868,3.582e-9,0.0,179.0,0.0
9.0,8.0,0.25485249,1.433e-6,0.0,179.0,0.0
9.0,10.0,0.25551498,2.706e-8,0.0,178.0,0.0
9.0,9.0,0.25551908,2.664e-6,0.0,178.0,0.0
9.0,9.0,0.2556339,1.052e-6,0.0,178.0,0.0
9.0,8.0,0.25595558,1.772e-9,0.0,178.0,0.0
9.0,10.0,0.25605855,1.079e-7,0.0,178.0,0.0
9.0,9.0,0.25621711,6.928e-7,0.0,178.0,0.0
9.0,8.0,0.25633421,9.219e-10,0.0,178.0,0.0
9.0,8.0,0.25697756,6.33e-8,0.0,177.0,0.0
9.0,10.0,0.25714706,2.194e-8,0.0,177.0,0.0
9.0,8.0,0.25728147,9.655e-8,0.0,177.0,0.0
9.0,9.0,0.25745689,1.365e-7,0.0,177.0,0.0
9.0,8.0,0.26938262,1.149e-6,0.0,169.0,0.0
9.0,8.0,0.27613282,4.577e-8,0.0,165.0,0.0
9.0,9.0,0.27653377,3.864e-7,0.0,165.0,0.0
9.0,9.0,0.27675612,8.29e-9,0.0,165.0,0.0
9.0,8.0,0.27686639,1.77e-7,0.0,165.0,0.0
9.0,10.0,0.2775512,4.791e-7,0.0,164.0,0.0
9.0,8.0,0.27779269,3.909e-9,0.0,164.0,0.0
9.0,8.0,0.27829616,5.885e-9,0.0,164.0,0.0
9.0,9.0,0.27853127,2.435e-7,0.0,164.0,0.0
9.0,8.0,0.27884019,3.2e-8,0.0,163.0,0.0
9.0,10.0,0.27889395,1.716e-7,0.0,163.0,0.0
9.0,9.0,0.27946167,1.997e-7,0.0,163.0,0.0
9.0,10.0,0.27948764,6.415e-8,0.0,163.0,0.0
9.0,8.0,0.27961021,1.306e-7,0.0,163.0,0.0
9.0,9.0,0.28015104,1.79e-12,0.0,163.0,0.0
9.0,8.0,0.28047181,1.511e-8,0.0,162.0,0.0
9.0,8.0,0.28652307,1.569e-7,0.0,159.0,0.0
9.0,9.0,0.28898758,0.0001571,0.0,158.0,0.0
9.0,8.0,0.289846,1.605e-5,0.0,157.0,0.0
9.0,8.0,0.29504613,1.936e-11,0.0,154.0,0.0
9.0,8.0,0.29679166,3.456e-7,0.0,153.0,0.0
9.0,8.0,0.29700945,9.829e-11,0.0,153.0,0.0
9.0,9.0,0.29714113,2.372e-9,0.0,153.0,0.0
9.0,10.0,0.29753161,7.819e-7,0.0,153.0,0.0
9.0,8.0,0.29778403,2.753e-7,0.0,153.0,0.0
9.0,9.0,0.2981982,1.381e-11,0.0,153.0,0.0
9.0,8.0,0.29844014,8.743e-7,0.0,153.0,0.0
9.0,9.0,0.2988051,2.049e-12,0.0,152.0,0.0
9.0,8.0,0.29950085,1.971e-8,0.0,152.0,0.0
9.0,10.0,0.29973232,2.231e-9,0.0,152.0,0.0
9.0,9.0,0.29975191,3.928e-12,0.0,152.0,0.0
9.0,8.0,0.30183324,1.376e-8,0.0,151.0,0.0
9.0,8.0,0.30577856,6.749e-9,0.0,149.0,0.0
9.0,9.0,0.30609113,4.539e-8,0.0,149.0,0.0
9.0,8.0,0.30627247,2.428e-8,0.0,149.0,0.0
9.0,10.0,0.30668527,1.07e-9,0.0,149.0,0.0
9.0,8.0,0.30802438,3.511e-9,0.0,148.0,0.0
9.0,8.0,0.31366967,3.349e-8,0.0,145.0,0.0
9.0,10.0,0.31694567,4.244e-5,0.0,144.0,0.0
9.0,8.0,0.31722497,2.695e-5,0.0,144.0,0.0
9.0,9.0,0.31738398,7.104e-5,0.0,144.0,0.0
9.0,10.0,0.31788974,1.333e-5,0.0,143.0,0.0
9.0,9.0,0.31802369,2.652e-6,0.0,143.0,0.0
9.0,8.0,0.31866614,1.328e-8,0.0,143.0,0.0
9.0,9.0,0.3187035,1.175e-6,0.0,143.0,0.0
9.0,10.0,0.31938968,9.876e-7,0.0,143.0,0.0
9.0,8.0,0.31948035,1.947e-8,0.0,143.0,0.0
9.0,9.0,0.32020481,2.154e-7,0.0,142.0,0.0
9.0,8.0,0.32025083,1.358e-6,0.0,142.0,0.0
9.0,8.0,0.32043718,1.001e-6,0.0,142.0,0.0
9.0,9.0,0.32050917,1.499e-6,0.0,142.0,0.0
9.0,8.0,0.32115571,3.552e-7,0.0,142.0,0.0
9.0,8.0,0.32250985,4.036e-8,0.0,141.0,0.0
9.0,9.0,0.32686297,1.59e-5,0.0,139.0,0.0
9.0,8.0,0.32699419,3.167e-6,0.0,139.0,0.0
9.0,9.0,0.32755416,1.824e-6,0.0,139.0,0.0
9.0,8.0,0.32779975,1.681e-7,0.0,139.0,0.0
9.0,10.0,0.32824217,2.797e-9,0.0,139.0,0.0
9.0,10.0,0.32843581,1.418e-8,0.0,139.0,0.0
9.0,9.0,0.32860075,9.233e-9,0.0,139.0,0.0
9.0,8.0,0.32870828,1.852e-6,0.0,139.0,0.0
9.0,8.0,0.32878938,1.3e-8,0.0,139.0,0.0
9.0,8.0,0.32908646,4.81e-8,0.0,138.0,0.0
9.0,9.0,0.3291466,3.488e-9,0.0,138.0,0.0
9.0,10.0,0.32922907,1.436e-8,0.0,138.0,0.0
9.0,8.0,0.32925595,6.886e-10,0.0,138.0,0.0
9.0,9.0,0.32936804,1.051e-9,0.0,138.0,0.0
9.0,10.0,0.32986103,6.565e-9,0.0,138.0,0.0
9.0,9.0,0.3300934,1.201e-9,0.0,138.0,0.0
9.0,8.0,0.33009705,2.335e-7,0.0,138.0,0.0
9.0,8.0,0.33048206,2.098e-7,0.0,138.0,0.0
9.0,9.0,0.33053582,3.679e-7,0.0,138.0,0.0
9.0,10.0,0.33056498,1.825e-10,0.0,138.0,0.0
9.0,9.0,0.33079417,1.979e-10,0.0,138.0,0.0
9.0,8.0,0.33118829,9.287e-8,0.0,138.0,0.0
9.0,8.0,0.33183939,6.076e-8,0.0,137.0,0.0
9.0,9.0,0.33233831,1.153e-7,0.0,137.0,0.0
9.0,8.0,0.3324021,3.971e-8,0.0,137.0,0.0
9.0,8.0,0.33325048,6.666e-8,0.0,137.0,0.0
9.0,8.0,0.33401914,1.804e-7,0.0,136.0,0.0
9.0,8.0,0.33611414,4.445e-9,0.0,136.0,0.0
9.0,9.0,0.35454995,2.097e-7,0.0,128.0,0.0
9.0,10.0,0.35461283,5.596e-6,0.0,128.0,0.0
9.0,8.0,0.35540289,2.123e-6,0.0,128.0,0.0
9.0,9.0,0.35540699,6.589e-6,0.0,128.0,0.0
9.0,8.0,0.35554596,8.155e-7,0.0,128.0,0.0
9.0,10.0,0.35560656,3.197e-6,0.0,128.0,0.0
9.0,9.0,0.3558608,1.677e-6,0.0,128.0,0.0
9.0,8.0,0.3560467,5.559e-8,0.0,128.0,0.0
9.0,10.0,0.3562727,1.366e-7,0.0,128.0,0.0
9.0,10.0,0.35669416,1.897e-7,0.0,128.0,0.0
9.0,9.0,0.3567101,7.733e-9,0.0,128.0,0.0
9.0,9.0,0.35707825,4.761e-8,0.0,128.0,0.0
9.0,8.0,0.35726142,1.446e-7,0.0,128.0,0.0
9.0,8.0,0.35748377,7.03e-7,0.0,127.0,0.0
9.0,9.0,0.35758629,2.058e-8,0.0,127.0,0.0
9.0,8.0,0.35775122,8.435e-7,0.0,127.0,0.0
9.0,8.0,0.35839822,4.347e-7,0.0,127.0,0.0
9.0,9.0,0.35888575,1.173e-8,0.0,127.0,0.0
9.0,8.0,0.35981934,2.543e-8,0.0,127.0,0.0
9.0,8.0,0.36149516,1.135e-10,0.0,126.0,0.0
9.0,9.0,0.36204784,1.579e-9,0.0,126.0,0.0
9.0,8.0,0.36270896,3.886e-8,0.0,126.0,0.0
9.0,8.0,0.36307484,4.041e-8,0.0,125.0,0.0
9.0,8.0,0.36685477,3.257e-8,0.0,124.0,0.0
9.0,8.0,0.36940585,2.023e-7,0.0,123.0,0.0
9.0,8.0,0.38852512,1.376e-9,0.0,117.0,0.0
9.0,8.0,0.38896754,3.681e-10,0.0,117.0,0.0
9.0,9.0,0.38898166,1.127e-9,0.0,117.0,0.0
9.0,8.0,0.39018954,1.298e-11,0.0,117.0,0.0
9.0,8.0,0.43857501,1.543e-10,0.0,104.0,0.0
9.0,9.0,0.46391685,8.548e-8,0.0,98.0,0.0
9.0,8.0,0.46429776,1.483e-7,0.0,98.0,0.0
9.0,8.0,0.46576991,1.93e-7,0.0,98.0,0.0
9.0,8.0,0.46638228,4.653e-9,0.0,98.0,0.0
9.0,8.0,0.48159585,1.721e-8,0.0,95.0,0.0
9.0,9.0,0.48193074,1.068e-8,0.0,95.0,0.0
9.0,8.0,0.48227019,3.882e-9,0.0,94.0,0.0
9.0,8.0,0.4832457,7.219e-9,0.0,94.0,0.0
9.0,8.0,0.48370316,2.89e-8,0.0,94.0,0.0
9.0,9.0,0.033666932,0.01035,1.067e-14,1353.0,70.0
9.0,8.0,0.040815355,0.0328,8.159e-14,1116.0,537.0
9.0,10.0,0.041037157,1.367e-5,6.861e-17,1110.0,0.0
9.0,9.0,0.046877093,0.09035,2.581e-13,972.0,1698.0
9.0,8.0,0.047281649,0.007461,5.833e-14,963.0,384.0
9.0,10.0,0.049116938,0.007884,2.423e-14,927.0,159.0
9.0,9.0,0.050040551,0.03446,1.192e-13,910.0,784.0
9.0,8.0,0.052000228,0.02356,3.126e-13,876.0,2057.0
9.0,9.0,0.052215286,0.1086,4.217e-13,872.0,2775.0
9.0,8.0,0.054331701,0.004757,2.786e-14,838.0,183.0
9.0,9.0,0.055524137,0.02157,2.186e-13,820.0,1438.0
9.0,10.0,0.056776672,0.0106,5.73e-14,802.0,377.0
9.0,8.0,0.057260371,0.1759,1.028e-12,796.0,6764.0
9.0,8.0,0.059628887,0.1129,7.901e-13,764.0,5198.0
9.0,8.0,0.060266773,0.02913,2.735e-13,756.0,1799.0
9.0,9.0,0.061477116,0.02181,2.51e-13,741.0,1651.0
9.0,9.0,0.062592778,0.06427,7.848e-13,728.0,5164.0
9.0,8.0,0.062905342,0.007422,3.561e-13,724.0,2343.0
9.0,10.0,0.062578289,0.00825,9.69e-14,728.0,638.0
9.0,10.0,0.064400501,0.07782,5.108e-13,707.0,3361.0
9.0,9.0,0.066008839,0.0766,2.001e-12,690.0,13165.0
9.0,8.0,0.066649049,0.002576,7.639e-13,683.0,5026.0
9.0,8.0,0.067285294,0.002412,5.654e-14,677.0,372.0
9.0,9.0,0.067177173,0.03451,1.082e-12,678.0,7119.0
9.0,8.0,0.068749653,0.02876,1.688e-12,663.0,11106.0
9.0,8.0,0.069535118,0.01613,1.839e-13,655.0,1210.0
9.0,9.0,0.069778745,0.2295,2.381e-12,653.0,15666.0
9.0,10.0,0.070701857,0.003513,3.745e-13,644.0,2464.0
9.0,8.0,0.070607814,0.001709,6.626e-13,645.0,4360.0
9.0,9.0,0.072005012,0.01071,2.131e-13,633.0,1402.0
9.0,10.0,0.072290193,0.009834,4.354e-13,630.0,2865.0
9.0,9.0,0.073967058,0.4995,6.076e-12,616.0,39976.0
9.0,8.0,0.074359403,0.02873,1.464e-12,613.0,9632.0
9.0,8.0,0.074980339,0.001085,4.163e-13,608.0,2739.0
9.0,10.0,0.074977697,0.0007858,3.94e-14,608.0,259.0
9.0,8.0,0.076105114,0.02585,9.363e-13,599.0,6160.0
9.0,9.0,0.076504659,0.2911,7.254e-12,595.0,47727.0
9.0,8.0,0.077312313,0.01135,1.758e-13,589.0,1157.0
9.0,9.0,0.07797658,0.1531,2.281e-12,584.0,15008.0
9.0,9.0,0.078733022,0.002422,1.809e-13,579.0,1190.0
9.0,8.0,0.078705001,0.3207,5.204e-12,579.0,34239.0
9.0,8.0,0.079433694,0.4043,7.785e-12,573.0,51221.0
9.0,10.0,0.080494589,0.01704,3.531e-13,566.0,2323.0
9.0,8.0,0.080546987,0.05303,1.015e-12,566.0,6678.0
9.0,9.0,0.08125905,0.05451,1.263e-12,561.0,8310.0
9.0,8.0,0.081734822,0.2247,3.766e-12,557.0,24778.0
9.0,9.0,0.082935687,0.00275,3.753e-12,549.0,24692.0
9.0,8.0,0.083676182,0.005194,6.141e-13,544.0,4040.0
9.0,8.0,0.084537874,0.4846,9.476e-12,539.0,62346.0
9.0,9.0,0.085280055,0.1534,4.174e-12,534.0,27462.0
9.0,10.0,0.085675772,0.01611,6.208e-13,532.0,4084.0
9.0,8.0,0.085224285,0.0558,1.316e-12,534.0,8658.0
9.0,8.0,0.086315754,0.04202,9.52e-13,528.0,6264.0
9.0,9.0,0.085918442,0.1036,2.785e-12,530.0,18324.0
9.0,8.0,0.087831325,0.09148,1.982e-12,519.0,13040.0
9.0,10.0,0.088453947,0.008025,9.651e-13,515.0,6350.0
9.0,9.0,0.087697915,0.03202,6.379e-12,519.0,41970.0
9.0,8.0,0.088416266,0.2942,1.328e-11,515.0,87374.0
9.0,8.0,0.089656088,0.01959,4.165e-12,508.0,27403.0
9.0,9.0,0.090170634,0.0154,2.861e-12,505.0,18824.0
9.0,8.0,0.090973414,0.3157,1.341e-11,501.0,88230.0
9.0,9.0,0.09098075,0.05007,2.682e-12,501.0,17646.0
9.0,8.0,0.092280305,0.01647,9.957e-13,494.0,6551.0
9.0,9.0,0.092348331,0.002259,2.791e-12,493.0,18363.0
9.0,10.0,0.093485499,0.00422,1.03e-12,487.0,6777.0
9.0,8.0,0.093227702,0.008731,6.856e-13,489.0,4511.0
9.0,8.0,0.093983779,0.1824,8.136e-12,485.0,53530.0
9.0,9.0,0.094522018,0.01388,9.433e-13,482.0,6206.0
9.0,8.0,0.094931268,0.3599,1.016e-11,480.0,66847.0
9.0,8.0,0.096207404,0.1161,8.136e-12,473.0,53530.0
9.0,9.0,0.096557467,0.1897,6.86e-12,472.0,45135.0
9.0,8.0,0.096477002,0.02511,5.447e-12,472.0,35838.0
9.0,10.0,0.096819911,9.028e-5,6.97e-15,470.0,46.0
9.0,8.0,0.097055473,0.9346,3.217e-11,469.0,211659.0
9.0,8.0,0.098293427,0.01375,3.355e-12,463.0,22074.0
9.0,8.0,0.099195125,0.03856,9.815e-12,459.0,64577.0
9.0,10.0,0.099200592,0.0005728,6.173e-13,459.0,4061.0
9.0,10.0,0.099355507,0.002981,5.501e-13,458.0,3619.0
9.0,8.0,0.099516346,0.1456,6.154e-12,458.0,40490.0
9.0,9.0,0.099598815,0.03375,1.671e-12,457.0,10994.0
9.0,9.0,0.09992596,0.03773,1.484e-12,456.0,9764.0
9.0,9.0,0.10095204,0.003582,6.092e-12,451.0,40082.0
9.0,9.0,0.10203007,0.0283,4.889e-12,446.0,32167.0
9.0,8.0,0.10224969,0.003667,9.858e-12,445.0,64860.0
9.0,8.0,0.1032097,0.07199,4.922e-12,441.0,32384.0
9.0,9.0,0.10341702,0.04058,4.023e-12,440.0,26469.0
9.0,8.0,0.10396924,0.2354,9.449e-12,438.0,62169.0
9.0,8.0,0.10431644,0.01699,2.906e-12,437.0,19120.0
9.0,8.0,0.10449504,0.01237,3.556e-12,436.0,23396.0
9.0,8.0,0.10525094,0.0723,4.453e-12,433.0,29298.0
9.0,9.0,0.10598223,0.0009478,2.263e-12,430.0,14889.0
9.0,8.0,0.1059959,0.01701,6.86e-12,430.0,45135.0
9.0,10.0,0.10735642,0.0003054,9.334e-13,424.0,6141.0
9.0,8.0,0.1074398,0.1323,7.653e-12,424.0,50352.0
9.0,8.0,0.10826768,0.003384,1.265e-11,421.0,83229.0
9.0,9.0,0.10846087,0.02383,2.743e-12,420.0,18047.0
9.0,8.0,0.10900854,0.04659,2.438e-11,418.0,160405.0
9.0,9.0,0.11000137,0.003618,4.739e-12,414.0,31180.0
9.0,8.0,0.1102383,0.01387,2.296e-12,413.0,15106.0
9.0,8.0,0.11107119,2.729e-7,3.274e-12,410.0,21541.0
9.0,9.0,0.1112899,1.277e-5,3.756e-12,409.0,24712.0
9.0,10.0,0.11180658,0.1255,4.943e-12,407.0,32522.0
9.0,9.0,0.11222394,0.0003417,1.366e-12,406.0,8987.0
9.0,8.0,0.11225174,0.05415,2.6e-12,406.0,17106.0
9.0,8.0,0.11239481,0.0814,6.75e-12,405.0,44411.0
9.0,8.0,0.11389247,0.006408,6.61e-12,400.0,43490.0
9.0,8.0,0.114267,0.03215,1.186e-11,399.0,78032.0
9.0,8.0,0.11478733,0.4116,2.888e-11,397.0,190013.0
9.0,8.0,0.11659118,0.08293,1.374e-11,391.0,90401.0
9.0,10.0,0.11713384,1.643e-5,4.396e-12,389.0,28923.0
9.0,8.0,0.11727418,2.411e-6,8.797e-13,388.0,5788.0
9.0,9.0,0.11767377,0.04036,7.519e-12,387.0,49470.0
9.0,9.0,0.11919467,0.08065,2.701e-11,382.0,177709.0
9.0,8.0,0.11970179,0.0349,1.029e-11,381.0,67702.0
9.0,8.0,0.12109921,0.04615,5.376e-12,376.0,35371.0
9.0,8.0,0.12198177,0.01424,9.774e-12,373.0,64307.0
9.0,8.0,0.12292266,0.02637,3.853e-11,371.0,253504.0
9.0,8.0,0.12324935,0.0002113,4.153e-12,370.0,27324.0
9.0,9.0,0.12353503,0.215,1.18e-11,369.0,77637.0
9.0,9.0,0.12373551,0.2581,1.573e-11,368.0,103494.0
9.0,8.0,0.12378608,0.06025,3.217e-11,368.0,211659.0
9.0,8.0,0.1243497,0.0007774,3.66e-11,366.0,240806.0
9.0,10.0,0.12854881,0.5573,3.833e-11,354.0,252188.0
9.0,9.0,0.12890101,0.05354,4.849e-12,353.0,31903.0
9.0,9.0,0.12947329,0.0001195,1.574e-12,352.0,10356.0
9.0,8.0,0.13244447,0.07118,1.688e-11,344.0,111060.0
9.0,8.0,0.13270372,0.08704,2.929e-11,343.0,192710.0
9.0,8.0,0.13361271,0.0225,5.362e-12,341.0,35279.0
9.0,8.0,0.13475908,0.1549,1.201e-11,338.0,79018.0
9.0,8.0,0.13687687,6.671e-5,6.772e-12,333.0,44556.0
9.0,8.0,0.13793166,0.1001,3.583e-11,330.0,235739.0
9.0,8.0,0.13956236,0.006095,7.812e-12,326.0,51398.0
9.0,8.0,0.14001253,0.01322,1.565e-11,325.0,102967.0
9.0,9.0,0.14204374,0.0002721,2.008e-12,321.0,13211.0
9.0,9.0,0.14238729,0.0009921,1.744e-12,320.0,11474.0
9.0,8.0,0.14419159,0.08051,1.251e-11,316.0,82308.0
9.0,8.0,0.15022463,0.0004571,1.923e-11,303.0,126522.0
9.0,8.0,0.15146987,0.0916,1.116e-11,301.0,73426.0
9.0,9.0,0.15248821,0.1467,1.528e-11,299.0,100533.0
9.0,8.0,0.15352204,0.0003243,1.871e-12,297.0,12310.0
9.0,10.0,0.15582754,0.1026,9.823e-12,292.0,64629.0
9.0,8.0,0.15672514,0.0005511,4.496e-11,291.0,295809.0
9.0,8.0,0.15763367,0.05464,7.412e-12,289.0,48766.0
9.0,9.0,0.15908668,0.1029,1.171e-11,286.0,77045.0
9.0,10.0,0.15935004,0.1852,2.059e-11,286.0,135470.0
9.0,9.0,0.15974371,0.2565,3.151e-11,285.0,207316.0
9.0,8.0,0.16073516,0.195,2.699e-11,283.0,177578.0
9.0,10.0,0.1608067,0.1896,2.407e-11,283.0,158366.0
9.0,9.0,0.16128602,0.3351,4.248e-11,282.0,279492.0
9.0,8.0,0.16251395,0.0007358,2.48e-12,280.0,16317.0
9.0,9.0,0.16289896,0.111,1.434e-11,280.0,94348.0
9.0,8.0,0.16388359,0.0213,4.31e-12,278.0,28357.0
9.0,10.0,0.16451464,0.106,1.569e-11,277.0,103231.0
9.0,8.0,0.16461943,0.01014,3.335e-12,277.0,21942.0
9.0,9.0,0.16546737,0.4276,5.467e-11,275.0,359695.0
9.0,10.0,0.16551202,0.1546,1.98e-11,275.0,130272.0
9.0,9.0,0.16591707,0.1802,3.124e-11,275.0,205540.0
9.0,8.0,0.16618316,0.01166,6.227e-12,274.0,40970.0
9.0,10.0,0.16628796,0.2749,3.347e-11,274.0,220212.0
9.0,8.0,0.16701287,0.05383,2.161e-11,273.0,142181.0
9.0,9.0,0.16714637,0.2601,4.107e-11,273.0,270215.0
9.0,10.0,0.16745484,0.1245,2.199e-11,272.0,144681.0
9.0,9.0,0.16763025,1.012e-5,1.244e-11,272.0,81848.0
9.0,8.0,0.16785853,0.3461,5.69e-11,271.0,374367.0
9.0,8.0,0.16865816,0.0005772,2.658e-12,270.0,17488.0
9.0,9.0,0.16947147,0.0001266,4.412e-11,269.0,290282.0
9.0,9.0,0.16959175,0.01704,9.483e-12,269.0,62392.0
9.0,8.0,0.16990477,0.01658,1.141e-11,268.0,75071.0
9.0,8.0,0.1702793,0.0376,1.315e-11,268.0,86519.0
9.0,10.0,0.17032487,0.008923,2.642e-12,267.0,17383.0
9.0,9.0,0.1704611,0.005899,2.158e-11,267.0,141983.0
9.0,10.0,0.17086115,0.07373,1.781e-11,267.0,117179.0
9.0,8.0,0.17114227,0.1125,2.464e-11,266.0,162116.0
9.0,8.0,0.17153184,0.03149,1.043e-11,266.0,68623.0
9.0,10.0,0.1716945,0.3515,4.538e-11,265.0,298573.0
9.0,9.0,0.17170634,0.1712,2.934e-11,265.0,193039.0
9.0,10.0,0.17190227,2.008,2.687e-10,265.0,1.767881e6
9.0,10.0,0.17220253,0.00756,7.217e-12,265.0,47483.0
9.0,8.0,0.17244675,0.04089,8.487e-12,264.0,55839.0
9.0,9.0,0.17254516,0.3006,4.655e-11,264.0,306270.0
9.0,9.0,0.17286775,0.1204,2.047e-11,264.0,134680.0
9.0,8.0,0.17304682,0.2395,4.377e-11,263.0,287980.0
9.0,10.0,0.1735635,1.237,1.644e-10,262.0,1.081651e6
9.0,8.0,0.17371842,0.02096,4.62e-12,262.0,30397.0
9.0,9.0,0.17388655,0.003677,5.628e-12,262.0,37029.0
9.0,9.0,0.17396401,0.1042,1.938e-11,262.0,127508.0
9.0,8.0,0.17460417,0.04398,1.023e-11,261.0,67307.0
9.0,10.0,0.17475271,0.002244,5.515e-12,261.0,36285.0
9.0,9.0,0.17503565,0.3977,6.537e-11,260.0,430094.0
9.0,8.0,0.17505342,0.001415,9.134e-13,260.0,6010.0
9.0,10.0,0.17538512,0.06664,1.303e-11,260.0,85729.0
9.0,8.0,0.17562114,0.007211,8.407e-12,259.0,55313.0
9.0,9.0,0.17581615,0.006114,3.443e-12,259.0,22653.0
9.0,10.0,0.17590546,0.2314,4.915e-11,259.0,323377.0
9.0,9.0,0.17604169,0.0624,2.719e-11,259.0,178893.0
9.0,8.0,0.1761351,0.1126,3.083e-11,259.0,202842.0
9.0,10.0,0.17616152,0.1764,2.76e-11,259.0,181591.0
9.0,9.0,0.17652421,0.2827,5.564e-11,258.0,366077.0
9.0,10.0,0.17703953,1.058e-5,6.611e-12,257.0,43496.0
9.0,8.0,0.17707552,0.00131,3.395e-12,257.0,22337.0
9.0,9.0,0.17724866,0.1212,2.446e-11,257.0,160932.0
9.0,8.0,0.17755075,0.1913,4.218e-11,257.0,277518.0
9.0,10.0,0.17757763,3.459e-5,2.602e-11,257.0,171196.0
9.0,9.0,0.17762137,0.3437,5.509e-11,256.0,362458.0
9.0,9.0,0.17789202,0.08652,1.552e-11,256.0,102112.0
9.0,8.0,0.17800638,0.1175,2.666e-11,256.0,175406.0
9.0,10.0,0.1780647,0.02961,6.274e-11,256.0,412791.0
9.0,10.0,0.1782105,0.01018,6.807e-12,256.0,44786.0
9.0,8.0,0.17851304,0.0005707,2.878e-12,255.0,18935.0
9.0,9.0,0.17864108,0.09233,4.891e-11,255.0,321798.0
9.0,8.0,0.1787281,0.02691,1.408e-11,255.0,92638.0
9.0,9.0,0.17916551,0.07282,3.722e-11,254.0,244885.0
9.0,8.0,0.17917234,0.0009257,2.698e-11,254.0,177512.0
9.0,10.0,0.17940563,0.2009,6.78e-11,254.0,446082.0
9.0,9.0,0.179448,0.2445,5.376e-11,254.0,353708.0
9.0,10.0,0.17959973,0.05142,4.949e-11,254.0,325614.0
9.0,8.0,0.1797633,0.002355,1.006e-11,253.0,66189.0
9.0,9.0,0.18038068,0.02992,1.032e-11,253.0,67899.0
9.0,10.0,0.18042123,0.2659,1.544e-10,252.0,1.015857e6
9.0,8.0,0.18050097,0.004175,3.143e-12,252.0,20679.0
9.0,9.0,0.18067639,0.04675,2.01e-11,252.0,132246.0
9.0,8.0,0.18077253,0.02929,3.196e-11,252.0,210277.0
9.0,9.0,0.18081308,0.002125,2.512e-11,252.0,165274.0
9.0,8.0,0.18094202,0.0007467,6.544e-11,252.0,430555.0
9.0,10.0,0.18114797,0.04951,1.119e-10,251.0,736233.0
9.0,8.0,0.18128056,6.054e-5,7.937e-12,251.0,52221.0
9.0,10.0,0.18132475,0.01714,3.984e-12,251.0,26212.0
9.0,9.0,0.18155758,0.001934,4.261e-11,251.0,280348.0
9.0,10.0,0.18156396,0.1437,4.297e-11,251.0,282716.0
9.0,9.0,0.18183688,0.09431,2.714e-11,251.0,178565.0
9.0,8.0,0.18207609,0.004997,7.225e-12,250.0,47536.0
9.0,9.0,0.18232031,0.03266,2.994e-11,250.0,196987.0
9.0,9.0,0.18238911,0.0009338,8.38e-11,250.0,551353.0
9.0,10.0,0.1825504,0.04647,3.04e-11,250.0,200013.0
9.0,8.0,0.18264016,0.01303,7.72e-12,249.0,50793.0
9.0,10.0,0.18272036,0.01071,5.566e-11,249.0,366209.0
9.0,9.0,0.18297004,0.00554,1.778e-11,249.0,116981.0
9.0,8.0,0.18326393,0.0002859,6.128e-12,249.0,40318.0
9.0,8.0,0.18328853,0.002307,6.277e-12,249.0,41299.0
9.0,8.0,0.18344162,0.003945,2.993e-11,248.0,196921.0
9.0,9.0,0.18364392,0.03282,2.045e-11,248.0,134548.0
9.0,9.0,0.18398656,0.1303,8.219e-11,248.0,540760.0
9.0,10.0,0.18399567,0.03031,1.806e-11,248.0,118824.0
9.0,8.0,0.18400661,0.05714,1.412e-11,248.0,92901.0
9.0,8.0,0.1845315,0.007929,3.117e-11,247.0,205079.0
9.0,9.0,0.18461442,0.0644,2.83e-11,247.0,186197.0
9.0,10.0,0.18465406,0.004068,4.405e-11,247.0,289822.0
9.0,8.0,0.1848714,0.02043,1.033e-11,246.0,67965.0
9.0,9.0,0.18501857,1.951e-6,4.858e-11,246.0,319627.0
9.0,8.0,0.18507279,0.007292,2.51e-11,246.0,165143.0
9.0,10.0,0.18508008,0.05875,1.26e-11,246.0,82900.0
9.0,9.0,0.18531382,0.01676,2.564e-11,246.0,168695.0
9.0,10.0,0.18554847,0.01425,2.038e-11,245.0,134088.0
9.0,9.0,0.18572571,0.01856,1.157e-11,245.0,76123.0
9.0,8.0,0.18580043,0.03097,8.872e-12,245.0,58372.0
9.0,10.0,0.18580818,8.605e-8,1.185e-11,245.0,77966.0
9.0,10.0,0.18599453,0.1496,6.499e-11,245.0,427594.0
9.0,9.0,0.18630573,0.1179,8.899e-11,244.0,585500.0
9.0,8.0,0.1863112,0.02877,4.242e-11,244.0,279098.0
9.0,8.0,0.18656726,0.0001338,3.428e-12,244.0,22554.0
9.0,8.0,0.18710628,0.02568,1.268e-11,243.0,83427.0
9.0,9.0,0.1871122,0.01295,1.542e-11,243.0,101454.0
9.0,8.0,0.18718601,0.008452,2.457e-11,243.0,161656.0
9.0,10.0,0.18729263,0.00349,4.121e-11,243.0,271136.0
9.0,10.0,0.18735733,0.04098,4.425e-11,243.0,291138.0
9.0,10.0,0.18751589,0.03294,9.344e-12,243.0,61478.0
9.0,9.0,0.18757512,0.0002896,9.956e-12,243.0,65504.0
9.0,8.0,0.18768037,0.01403,2.12e-11,243.0,139483.0
9.0,9.0,0.18771637,0.01077,3.097e-11,243.0,203764.0
9.0,8.0,0.18802347,0.008826,1.952e-11,242.0,128430.0
9.0,9.0,0.18803303,0.002034,6.878e-12,242.0,45253.0
9.0,8.0,0.18824262,0.01681,1.47e-11,242.0,96717.0
9.0,10.0,0.18826541,0.0046,2.639e-11,242.0,173630.0
9.0,9.0,0.18848502,0.01343,9.674e-12,242.0,63649.0
9.0,10.0,0.18878255,0.008851,3.697e-11,241.0,243240.0
9.0,9.0,0.18882219,0.01592,2.745e-11,241.0,180604.0
9.0,8.0,0.18890967,0.0007016,9.425e-12,241.0,62011.0
9.0,8.0,0.18908828,0.02125,1.012e-11,241.0,66583.0
9.0,9.0,0.1891466,0.001229,6.328e-12,241.0,41634.0
9.0,10.0,0.18920401,0.02531,2.582e-11,241.0,169880.0
9.0,8.0,0.18951521,3.354e-5,1.027e-11,240.0,67570.0
9.0,9.0,0.18953161,0.008025,1.295e-11,240.0,85203.0
9.0,10.0,0.18973072,0.00104,6.669e-11,240.0,438779.0
9.0,8.0,0.18993393,0.0031,2.554e-11,240.0,168038.0
9.0,8.0,0.19006789,0.0009504,6.355e-12,240.0,41812.0
9.0,10.0,0.19018225,0.1822,6.451e-11,240.0,424436.0
9.0,9.0,0.19030163,0.01943,1.835e-11,239.0,120732.0
9.0,9.0,0.19039184,0.03019,3.106e-11,239.0,204356.0
9.0,8.0,0.1905135,0.02263,1.878e-11,239.0,123561.0
9.0,9.0,0.19068709,0.01868,1.401e-11,239.0,92177.0
9.0,8.0,0.19071671,0.03141,1.591e-11,239.0,104678.0
9.0,10.0,0.19078916,0.08097,2.851e-11,239.0,187578.0
9.0,8.0,0.1909828,0.003337,2.58e-11,239.0,169748.0
9.0,10.0,0.19125755,0.01731,1.465e-11,238.0,96388.0
9.0,8.0,0.19136644,0.003148,8.062e-12,238.0,53043.0
9.0,9.0,0.19145757,0.01309,2.893e-11,238.0,190342.0
9.0,10.0,0.19153457,0.009327,4.177e-11,238.0,274821.0
9.0,9.0,0.19168356,0.06196,5.701e-11,238.0,375091.0
9.0,8.0,0.19176512,0.003702,1.077e-11,238.0,70860.0
9.0,8.0,0.19205627,0.00123,1.791e-11,237.0,117837.0
9.0,8.0,0.19207996,0.0004278,1.881e-11,237.0,123758.0
9.0,9.0,0.19225402,0.06112,5.276e-11,237.0,347128.0
9.0,10.0,0.19228226,0.05377,1.998e-11,237.0,131456.0
9.0,10.0,0.19247955,0.008889,2.117e-11,237.0,139286.0
9.0,9.0,0.1925438,0.1271,5.827e-11,237.0,383381.0
9.0,9.0,0.1928796,0.04216,1.996e-11,236.0,131325.0
9.0,10.0,0.19297437,0.04526,8.009e-11,236.0,526943.0
9.0,8.0,0.19300763,0.000408,1.33e-11,236.0,87506.0
9.0,9.0,0.19310833,0.008244,2.903e-11,236.0,191000.0
9.0,9.0,0.1932195,0.01639,1.825e-11,236.0,120074.0
9.0,10.0,0.19324319,0.03603,7.765e-11,236.0,510889.0
9.0,8.0,0.19384144,0.000711,1.451e-11,235.0,95467.0
9.0,9.0,0.19392528,0.0002601,1.785e-11,235.0,117442.0
9.0,8.0,0.19397767,0.001537,1.838e-11,235.0,120929.0
9.0,10.0,0.19414899,0.02304,2.703e-11,235.0,177841.0
9.0,8.0,0.19431074,0.003533,3.589e-11,234.0,236134.0
9.0,10.0,0.19442146,0.0004705,8.783e-12,234.0,57787.0
9.0,8.0,0.19450393,0.005283,8.573e-12,234.0,56405.0
9.0,8.0,0.19483517,0.00292,9.973e-12,234.0,65616.0
9.0,9.0,0.19485203,0.003115,2.267e-11,234.0,149155.0
9.0,8.0,0.19505388,8.22e-5,3.394e-11,234.0,223304.0
9.0,10.0,0.19516004,0.005843,7.23e-11,233.0,475690.0
9.0,9.0,0.19518373,0.02644,1.913e-11,233.0,125864.0
9.0,8.0,0.19547078,4.751e-7,1.225e-11,233.0,80597.0
9.0,9.0,0.19547215,0.02042,1.853e-11,233.0,121916.0
9.0,10.0,0.19554004,0.0001,1.782e-11,233.0,117245.0
9.0,9.0,0.19557284,0.03124,3.816e-11,233.0,251069.0
9.0,8.0,0.19559836,5.727e-5,9.711e-12,233.0,63892.0
9.0,10.0,0.19579656,0.003181,2.407e-12,233.0,15837.0
9.0,8.0,0.19606356,0.001802,5.145e-11,232.0,338509.0
9.0,9.0,0.19606356,0.03747,5.145e-11,232.0,338509.0
9.0,8.0,0.19629502,0.001226,1.281e-11,232.0,84282.0
9.0,10.0,0.19634195,0.005047,1.062e-11,232.0,69873.0
9.0,9.0,0.19635198,3.192e-7,1.366e-11,232.0,89874.0
9.0,8.0,0.19660895,0.005207,8.584e-12,232.0,56477.0
9.0,9.0,0.19668231,0.001138,2.533e-11,232.0,166656.0
9.0,10.0,0.19671557,0.009617,1.627e-11,232.0,107047.0
9.0,9.0,0.19693382,0.01841,1.042e-11,231.0,68557.0
9.0,8.0,0.19717075,1.181e-5,1.474e-11,231.0,96980.0
9.0,9.0,0.19757808,0.2584,1.016e-10,231.0,668466.0
9.0,8.0,0.19771614,0.0008891,5.109e-12,230.0,33614.0
9.0,10.0,0.19788017,0.002853,1.302e-11,230.0,85664.0
9.0,8.0,0.1980123,0.0004366,1.268e-11,230.0,83427.0
9.0,9.0,0.19803463,0.04238,2.529e-11,230.0,166393.0
9.0,10.0,0.1981941,0.006429,4.531e-11,230.0,298112.0
9.0,8.0,0.19822189,0.0002754,1.476e-11,230.0,97112.0
9.0,9.0,0.19841645,0.0001012,1.249e-11,230.0,82177.0
9.0,10.0,0.19853901,0.05727,4.283e-11,229.0,281795.0
9.0,9.0,0.19863105,0.02817,1.918e-11,229.0,126193.0
9.0,8.0,0.1986511,0.0004831,2.105e-11,229.0,138496.0
9.0,8.0,0.19889623,0.00456,3.121e-11,229.0,205343.0
9.0,9.0,0.1989828,0.01529,5.852e-11,229.0,385026.0
9.0,10.0,0.19922702,0.001956,1.126e-11,229.0,74084.0
9.0,9.0,0.19925481,0.007746,2.532e-11,229.0,166590.0
9.0,8.0,0.199258,0.0002217,6.907e-12,229.0,45444.0
9.0,10.0,0.19939788,0.002188,5.376e-11,228.0,353708.0
9.0,8.0,0.19940153,9.198e-6,1.483e-11,228.0,97572.0
9.0,8.0,0.19961294,0.0001734,2.395e-11,228.0,157576.0
9.0,9.0,0.19968675,4.998e-6,2.374e-11,228.0,156195.0
9.0,9.0,0.1999902,0.01226,5.452e-11,228.0,358708.0
9.0,10.0,0.20004488,0.01028,2.225e-11,228.0,146391.0
9.0,8.0,0.2001392,8.029e-5,3.891e-11,228.0,256004.0
9.0,8.0,0.20015104,0.000509,1.426e-11,228.0,93822.0
9.0,9.0,0.20028363,0.007907,1.946e-11,227.0,128035.0
9.0,9.0,0.20043399,0.001172,4.003e-11,227.0,263373.0
9.0,8.0,0.20057569,0.0005753,6.043e-11,227.0,397592.0
9.0,10.0,0.20075977,0.003496,0.0,227.0,0.0
9.0,9.0,0.20080077,0.009613,0.0,227.0,0.0
9.0,8.0,0.20110605,0.001396,0.0,227.0,0.0
9.0,8.0,0.20131928,0.00152,0.0,226.0,0.0
9.0,9.0,0.2013243,0.0006369,0.0,226.0,0.0
9.0,10.0,0.20139446,0.0004088,0.0,226.0,0.0
9.0,9.0,0.20165417,0.01303,0.0,226.0,0.0
9.0,10.0,0.20169199,0.02193,0.0,226.0,0.0
9.0,8.0,0.20176034,0.0001699,0.0,226.0,0.0
9.0,10.0,0.20195444,0.001902,0.0,226.0,0.0
9.0,9.0,0.20196082,5.481e-5,0.0,226.0,0.0
9.0,8.0,0.20216448,0.0002444,0.0,225.0,0.0
9.0,10.0,0.20223921,0.03275,0.0,225.0,0.0
9.0,8.0,0.20229935,0.000652,0.0,225.0,0.0
9.0,8.0,0.20244789,0.001899,0.0,225.0,0.0
9.0,10.0,0.20245609,0.02688,0.0,225.0,0.0
9.0,9.0,0.20266067,0.003938,0.0,225.0,0.0
9.0,9.0,0.20271079,0.001739,0.0,225.0,0.0
9.0,10.0,0.20297323,5.464e-5,0.0,224.0,0.0
9.0,8.0,0.20300695,0.002712,0.0,224.0,0.0
9.0,8.0,0.20308668,0.001312,0.0,224.0,0.0
9.0,10.0,0.20320606,0.006767,0.0,224.0,0.0
9.0,8.0,0.20331632,0.003706,0.0,224.0,0.0
9.0,9.0,0.20333546,0.0002731,0.0,224.0,0.0
9.0,9.0,0.20336872,5.554e-6,0.0,224.0,0.0
9.0,9.0,0.20379291,0.01468,0.0,224.0,0.0
9.0,8.0,0.2038198,0.0004685,0.0,223.0,0.0
9.0,10.0,0.2040909,0.0001219,0.0,223.0,0.0
9.0,9.0,0.20409591,1.922e-5,0.0,223.0,0.0
9.0,10.0,0.20423716,0.005787,0.0,223.0,0.0
9.0,8.0,0.2042531,0.001022,0.0,223.0,0.0
9.0,9.0,0.20439891,0.0004641,0.0,223.0,0.0
9.0,8.0,0.204516,3.866e-5,0.0,223.0,0.0
9.0,10.0,0.20469051,0.003737,0.0,223.0,0.0
9.0,9.0,0.20474473,0.01817,0.0,222.0,0.0
9.0,8.0,0.20490967,0.000121,0.0,222.0,0.0
9.0,10.0,0.20497574,0.02611,0.0,222.0,0.0
9.0,9.0,0.2050049,0.0006037,0.0,222.0,0.0
9.0,9.0,0.20519718,0.004555,0.0,222.0,0.0
9.0,10.0,0.20532612,0.01305,0.0,222.0,0.0
9.0,8.0,0.20535984,0.0005109,0.0,222.0,0.0
9.0,8.0,0.20540312,0.0003652,0.0,222.0,0.0
9.0,9.0,0.20555849,0.002308,0.0,222.0,0.0
9.0,8.0,0.20571705,4.549e-6,0.0,221.0,0.0
9.0,10.0,0.20582139,2.364e-6,0.0,221.0,0.0
9.0,9.0,0.20588791,0.008028,0.0,221.0,0.0
9.0,10.0,0.20622599,0.0008842,0.0,221.0,0.0
9.0,8.0,0.20625652,0.0003234,0.0,221.0,0.0
9.0,9.0,0.20637726,0.003494,0.0,221.0,0.0
9.0,8.0,0.20657364,9.827e-6,0.0,221.0,0.0
9.0,9.0,0.20674314,0.01273,0.0,220.0,0.0
9.0,8.0,0.20686069,0.001906,0.0,220.0,0.0
9.0,10.0,0.20701105,9.817e-5,0.0,220.0,0.0
9.0,8.0,0.20711858,0.0001957,0.0,220.0,0.0
9.0,8.0,0.20725345,0.00266,0.0,220.0,0.0
9.0,9.0,0.20731086,0.001963,0.0,220.0,0.0
9.0,10.0,0.20737373,0.02248,0.0,220.0,0.0
9.0,8.0,0.20743889,8.237e-6,0.0,220.0,0.0
9.0,9.0,0.2076544,0.0009345,0.0,219.0,0.0
9.0,8.0,0.20777469,0.0004526,0.0,219.0,0.0
9.0,10.0,0.20787128,0.0003636,0.0,219.0,0.0
9.0,9.0,0.20800524,0.01548,0.0,219.0,0.0
9.0,10.0,0.20812644,7.284e-5,0.0,219.0,0.0
9.0,8.0,0.20819569,0.00112,0.0,219.0,0.0
9.0,9.0,0.20838205,0.007376,0.0,219.0,0.0
9.0,8.0,0.20838934,0.0001403,0.0,219.0,0.0
9.0,9.0,0.20845176,0.0006636,0.0,219.0,0.0
9.0,10.0,0.20846771,0.004364,0.0,219.0,0.0
9.0,8.0,0.20860576,7.842e-5,0.0,218.0,0.0
9.0,8.0,0.20871238,0.0002228,0.0,218.0,0.0
9.0,9.0,0.20887049,0.001448,0.0,218.0,0.0
9.0,8.0,0.2088837,0.001109,0.0,218.0,0.0
9.0,9.0,0.20900763,0.0007151,0.0,218.0,0.0
9.0,10.0,0.20908965,0.002939,0.0,218.0,0.0
9.0,9.0,0.20920674,0.001416,0.0,218.0,0.0
9.0,8.0,0.20922497,0.0008932,0.0,218.0,0.0
9.0,10.0,0.20943,0.007643,0.0,218.0,0.0
9.0,9.0,0.20967741,0.007743,0.0,217.0,0.0
9.0,10.0,0.209733,7.594e-5,0.0,217.0,0.0
9.0,8.0,0.20975214,0.0002408,0.0,217.0,0.0
9.0,9.0,0.209923,0.00244,0.0,217.0,0.0
9.0,9.0,0.21000365,0.01413,0.0,217.0,0.0
9.0,10.0,0.21002005,5.625e-9,0.0,217.0,0.0
9.0,8.0,0.2101417,1.704e-5,0.0,217.0,0.0
9.0,8.0,0.21027611,0.0001692,0.0,217.0,0.0
9.0,8.0,0.21043467,0.0001711,0.0,216.0,0.0
9.0,8.0,0.21060144,1.622e-5,0.0,216.0,0.0
9.0,10.0,0.21062968,0.01375,0.0,216.0,0.0
9.0,8.0,0.21068892,1.03e-5,0.0,216.0,0.0
9.0,9.0,0.21070441,0.0001512,0.0,216.0,0.0
9.0,9.0,0.21082059,6.863e-5,0.0,216.0,0.0
9.0,10.0,0.2108976,0.0002084,0.0,216.0,0.0
9.0,8.0,0.21102608,0.000186,0.0,216.0,0.0
9.0,10.0,0.211335,0.001121,0.0,216.0,0.0
9.0,9.0,0.2113751,0.001495,0.0,216.0,0.0
9.0,9.0,0.2114357,2.816e-5,0.0,215.0,0.0
9.0,8.0,0.21163709,0.0001146,0.0,215.0,0.0
9.0,8.0,0.21172867,0.0002102,0.0,215.0,0.0
9.0,9.0,0.21189771,0.0008775,0.0,215.0,0.0
9.0,9.0,0.21201617,0.002189,0.0,215.0,0.0
9.0,10.0,0.21202347,0.005736,0.0,215.0,0.0
9.0,8.0,0.21208042,3.392e-5,0.0,215.0,0.0
9.0,8.0,0.2122367,7.324e-9,0.0,215.0,0.0
9.0,8.0,0.21227771,0.0004948,0.0,215.0,0.0
9.0,9.0,0.21235061,0.01271,0.0,215.0,0.0
9.0,10.0,0.21246406,0.0191,0.0,214.0,0.0
9.0,9.0,0.21258207,0.004927,0.0,214.0,0.0
9.0,10.0,0.21258754,0.004037,0.0,214.0,0.0
9.0,8.0,0.21260257,0.0008581,0.0,214.0,0.0
9.0,9.0,0.21275065,0.002383,0.0,214.0,0.0
9.0,9.0,0.21295159,0.001092,0.0,214.0,0.0
9.0,8.0,0.21311926,0.004166,0.0,214.0,0.0
9.0,10.0,0.21324137,0.03338,0.0,214.0,0.0
9.0,9.0,0.21334024,0.003993,0.0,214.0,0.0
9.0,10.0,0.21334799,0.02119,0.0,214.0,0.0
9.0,9.0,0.21359494,0.01304,0.0,213.0,0.0
9.0,8.0,0.21365281,0.0003075,0.0,213.0,0.0
9.0,10.0,0.213656,0.0003577,0.0,213.0,0.0
9.0,8.0,0.21384417,0.0002463,0.0,213.0,0.0
9.0,8.0,0.21403508,0.000477,0.0,213.0,0.0
9.0,10.0,0.21410798,0.001231,0.0,213.0,0.0
9.0,9.0,0.21412667,0.0003672,0.0,213.0,0.0
9.0,8.0,0.21412758,0.001483,0.0,213.0,0.0
9.0,9.0,0.2142342,0.008353,0.0,213.0,0.0
9.0,8.0,0.21448844,0.001777,0.0,212.0,0.0
9.0,10.0,0.2144971,0.003276,0.0,212.0,0.0
9.0,10.0,0.21452033,0.007007,0.0,212.0,0.0
9.0,8.0,0.21476318,6.487e-5,0.0,212.0,0.0
9.0,9.0,0.21481923,0.0003262,0.0,212.0,0.0
9.0,9.0,0.21502608,0.0007828,0.0,212.0,0.0
9.0,8.0,0.21507757,3.655e-5,0.0,212.0,0.0
9.0,10.0,0.21533227,0.01838,0.0,212.0,0.0
9.0,9.0,0.21534913,0.004026,0.0,212.0,0.0
9.0,8.0,0.21557467,0.001732,0.0,211.0,0.0
9.0,8.0,0.21570224,0.002485,0.0,211.0,0.0
9.0,9.0,0.2157273,0.009862,0.0,211.0,0.0
9.0,8.0,0.21592368,0.0002789,0.0,211.0,0.0
9.0,10.0,0.21594783,0.002127,0.0,211.0,0.0
9.0,8.0,0.21609135,0.0003212,0.0,211.0,0.0
9.0,8.0,0.2161474,0.006711,0.0,211.0,0.0
9.0,10.0,0.21615651,0.01052,0.0,211.0,0.0
9.0,9.0,0.21625584,0.0004902,0.0,211.0,0.0
9.0,8.0,0.21628181,0.001499,0.0,211.0,0.0
9.0,10.0,0.2164144,0.01417,0.0,210.0,0.0
9.0,9.0,0.2164472,0.0003653,0.0,210.0,0.0
9.0,8.0,0.21655838,0.0007571,0.0,210.0,0.0
9.0,9.0,0.21665087,0.001588,0.0,210.0,0.0
9.0,10.0,0.21676387,0.004394,0.0,210.0,0.0
9.0,9.0,0.21714614,0.002059,0.0,210.0,0.0
9.0,8.0,0.21718988,0.0007747,0.0,210.0,0.0
9.0,9.0,0.21735938,0.0007446,0.0,210.0,0.0
9.0,8.0,0.21751521,0.001826,0.0,209.0,0.0
9.0,10.0,0.21753525,0.01417,0.0,209.0,0.0
9.0,9.0,0.21768242,0.0003131,0.0,209.0,0.0
9.0,10.0,0.21769063,0.01257,0.0,209.0,0.0
9.0,8.0,0.21776899,0.0008595,0.0,209.0,0.0
9.0,9.0,0.21791343,0.005695,0.0,209.0,0.0
9.0,8.0,0.21792573,0.001349,0.0,209.0,0.0
9.0,8.0,0.2179476,0.001725,0.0,209.0,0.0
9.0,10.0,0.21805468,0.003116,0.0,209.0,0.0
9.0,10.0,0.21831894,0.001181,0.0,209.0,0.0
9.0,9.0,0.21846019,1.961e-5,0.0,209.0,0.0
9.0,8.0,0.21849345,0.004892,0.0,208.0,0.0
9.0,8.0,0.218724,0.001454,0.0,208.0,0.0
9.0,8.0,0.21901697,0.0003333,0.0,208.0,0.0
9.0,9.0,0.21908896,0.001121,0.0,208.0,0.0
9.0,8.0,0.21917234,0.0002501,0.0,208.0,0.0
9.0,10.0,0.21917827,0.001405,0.0,208.0,0.0
9.0,10.0,0.21924616,0.002746,0.0,208.0,0.0
9.0,9.0,0.21924889,0.004686,0.0,208.0,0.0
9.0,8.0,0.21932088,6.929e-5,0.0,208.0,0.0
9.0,9.0,0.21954596,0.0008843,0.0,207.0,0.0
9.0,8.0,0.2196667,0.002044,0.0,207.0,0.0
9.0,9.0,0.21968903,1.713e-5,0.0,207.0,0.0
9.0,10.0,0.21975419,8.554e-5,0.0,207.0,0.0
9.0,8.0,0.21981843,0.0006037,0.0,207.0,0.0
9.0,8.0,0.2201073,0.001067,0.0,207.0,0.0
9.0,9.0,0.22021346,0.003675,0.0,207.0,0.0
9.0,10.0,0.22025857,0.0004238,0.0,207.0,0.0
9.0,8.0,0.2203866,5.09e-5,0.0,207.0,0.0
9.0,10.0,0.22051783,0.01624,0.0,207.0,0.0
9.0,9.0,0.22056066,7.846e-6,0.0,207.0,0.0
9.0,9.0,0.22061214,0.003755,0.0,206.0,0.0
9.0,8.0,0.22072058,1.114e-5,0.0,206.0,0.0
9.0,8.0,0.22098804,0.0003153,0.0,206.0,0.0
9.0,10.0,0.221009,0.003238,0.0,206.0,0.0
9.0,9.0,0.22105638,2.066e-5,0.0,206.0,0.0
9.0,10.0,0.22117212,0.006411,0.0,206.0,0.0
9.0,9.0,0.22120902,0.004748,0.0,206.0,0.0
9.0,9.0,0.22130197,0.0001769,0.0,206.0,0.0
9.0,8.0,0.2213161,0.0005466,0.0,206.0,0.0
9.0,10.0,0.22152933,0.0006134,0.0,206.0,0.0
9.0,8.0,0.22154665,0.0002736,0.0,206.0,0.0
9.0,9.0,0.22167331,0.006758,0.0,205.0,0.0
9.0,10.0,0.22192847,0.01517,0.0,205.0,0.0
9.0,8.0,0.22193302,0.0004514,0.0,205.0,0.0
9.0,8.0,0.22209432,5.46e-5,0.0,205.0,0.0
9.0,9.0,0.22223237,0.003388,0.0,205.0,0.0
9.0,10.0,0.2224087,0.02379,0.0,205.0,0.0
9.0,9.0,0.22257774,0.004631,0.0,205.0,0.0
9.0,8.0,0.22264199,0.000567,0.0,205.0,0.0
9.0,9.0,0.22271215,0.0004996,0.0,205.0,0.0
9.0,8.0,0.22296093,0.0009139,0.0,204.0,0.0
9.0,10.0,0.22300877,1.959e-5,0.0,204.0,0.0
9.0,8.0,0.22305935,1.708e-5,0.0,204.0,0.0
9.0,9.0,0.22318237,0.004876,0.0,204.0,0.0
9.0,9.0,0.22326301,0.001603,0.0,204.0,0.0
9.0,8.0,0.22332908,0.0001505,0.0,204.0,0.0
9.0,10.0,0.22340745,0.004941,0.0,204.0,0.0
9.0,9.0,0.22348035,0.004902,0.0,204.0,0.0
9.0,10.0,0.22353275,0.0002238,0.0,204.0,0.0
9.0,8.0,0.2235487,0.0009097,0.0,204.0,0.0
9.0,9.0,0.22376649,0.0003063,0.0,204.0,0.0
9.0,8.0,0.22384076,4.152e-5,0.0,203.0,0.0
9.0,9.0,0.22392368,0.001599,0.0,203.0,0.0
9.0,8.0,0.22394418,4.1e-5,0.0,203.0,0.0
9.0,8.0,0.22430915,0.004417,0.0,203.0,0.0
9.0,10.0,0.22434514,0.0005616,0.0,203.0,0.0
9.0,9.0,0.22443991,0.0001805,0.0,203.0,0.0
9.0,10.0,0.22450552,0.0002173,0.0,203.0,0.0
9.0,8.0,0.22455701,7.422e-6,0.0,203.0,0.0
9.0,10.0,0.22477344,0.001443,0.0,203.0,0.0
9.0,8.0,0.2248108,0.0002066,0.0,203.0,0.0
9.0,9.0,0.224932,0.002275,0.0,203.0,0.0
9.0,9.0,0.22512974,0.0006041,0.0,202.0,0.0
9.0,8.0,0.22526734,8.616e-7,0.0,202.0,0.0
9.0,9.0,0.225353,0.0008132,0.0,202.0,0.0
9.0,8.0,0.22540722,2.899e-5,0.0,202.0,0.0
9.0,8.0,0.22557216,0.0001662,0.0,202.0,0.0
9.0,10.0,0.22560952,0.005416,0.0,202.0,0.0
9.0,8.0,0.22578266,5.692e-5,0.0,202.0,0.0
9.0,9.0,0.22578995,0.0005261,0.0,202.0,0.0
9.0,10.0,0.22581273,0.001997,0.0,202.0,0.0
9.0,9.0,0.22599225,0.003589,0.0,202.0,0.0
9.0,8.0,0.22601731,0.0003777,0.0,202.0,0.0
9.0,10.0,0.22613851,0.0008213,0.0,201.0,0.0
9.0,9.0,0.22632395,0.00291,0.0,201.0,0.0
9.0,8.0,0.22636587,4.169e-5,0.0,201.0,0.0
9.0,10.0,0.22643422,0.001458,0.0,201.0,0.0
9.0,8.0,0.22656817,1.647e-6,0.0,201.0,0.0
9.0,9.0,0.22660462,0.0002654,0.0,201.0,0.0
9.0,9.0,0.22679189,9.249e-10,0.0,201.0,0.0
9.0,8.0,0.22679235,0.0004358,0.0,201.0,0.0
9.0,9.0,0.22702745,0.0001425,0.0,201.0,0.0
9.0,8.0,0.22704203,0.0004931,0.0,201.0,0.0
9.0,10.0,0.22719194,1.968e-7,0.0,200.0,0.0
9.0,8.0,0.22743114,7.529e-5,0.0,200.0,0.0
9.0,9.0,0.22747534,8.327e-5,0.0,200.0,0.0
9.0,10.0,0.22758287,6.614e-5,0.0,200.0,0.0
9.0,9.0,0.22780112,0.004537,0.0,200.0,0.0
9.0,8.0,0.22784486,3.548e-5,0.0,200.0,0.0
9.0,9.0,0.22792323,0.002563,0.0,200.0,0.0
9.0,8.0,0.22813236,0.0001215,0.0,200.0,0.0
9.0,10.0,0.22816699,0.001836,0.0,200.0,0.0
9.0,10.0,0.22819068,2.863e-7,0.0,200.0,0.0
9.0,8.0,0.22819797,1.737e-5,0.0,200.0,0.0
9.0,9.0,0.22829821,0.001661,0.0,200.0,0.0
9.0,8.0,0.22840756,0.0005749,0.0,199.0,0.0
9.0,9.0,0.2284103,1.425e-6,0.0,199.0,0.0
9.0,8.0,0.22863902,1.389e-5,0.0,199.0,0.0
9.0,9.0,0.22866819,0.0002144,0.0,199.0,0.0
9.0,10.0,0.22869416,0.00232,0.0,199.0,0.0
9.0,8.0,0.22876569,0.0003255,0.0,199.0,0.0
9.0,10.0,0.22885272,9.555e-5,0.0,199.0,0.0
9.0,9.0,0.22905912,0.0003297,0.0,199.0,0.0
9.0,9.0,0.2292031,0.0001779,0.0,199.0,0.0
9.0,8.0,0.2293202,0.0003691,0.0,199.0,0.0
9.0,10.0,0.22937168,0.0006464,0.0,199.0,0.0
9.0,8.0,0.22942271,0.0009321,0.0,199.0,0.0
9.0,10.0,0.22949243,0.0001555,0.0,198.0,0.0
9.0,8.0,0.22960087,0.0007511,0.0,198.0,0.0
9.0,9.0,0.22974576,0.0001108,0.0,198.0,0.0
9.0,9.0,0.22983916,0.0002617,0.0,198.0,0.0
9.0,8.0,0.23010161,0.0004387,0.0,198.0,0.0
9.0,10.0,0.23022508,0.001577,0.0,198.0,0.0
9.0,9.0,0.23024149,3.279e-6,0.0,198.0,0.0
9.0,8.0,0.23028523,8.754e-5,0.0,198.0,0.0
9.0,9.0,0.23028659,6.192e-5,0.0,198.0,0.0
9.0,9.0,0.23048525,2.124e-6,0.0,198.0,0.0
9.0,10.0,0.23060462,0.0005773,0.0,198.0,0.0
9.0,8.0,0.23072856,9.488e-6,0.0,197.0,0.0
9.0,10.0,0.23078597,0.0006,0.0,197.0,0.0
9.0,8.0,0.23090261,0.0001662,0.0,197.0,0.0
9.0,9.0,0.23092767,0.004644,0.0,197.0,0.0
9.0,8.0,0.23101105,2.07e-5,0.0,197.0,0.0
9.0,9.0,0.23119011,0.00052,0.0,197.0,0.0
9.0,10.0,0.23126119,0.0001008,0.0,197.0,0.0
9.0,9.0,0.23129992,0.0003777,0.0,197.0,0.0
9.0,8.0,0.23140472,7.242e-5,0.0,197.0,0.0
9.0,8.0,0.23167673,1.826e-8,0.0,197.0,0.0
9.0,9.0,0.23173915,0.0005422,0.0,197.0,0.0
9.0,10.0,0.23177515,0.0003756,0.0,197.0,0.0
9.0,9.0,0.23203167,6.278e-5,0.0,196.0,0.0
9.0,8.0,0.23220207,0.004602,0.0,196.0,0.0
9.0,8.0,0.23228363,0.0003087,0.0,196.0,0.0
9.0,9.0,0.23249732,0.0001236,0.0,196.0,0.0
9.0,10.0,0.2326691,4.11e-5,0.0,196.0,0.0
9.0,8.0,0.2326691,0.0004923,0.0,196.0,0.0
9.0,8.0,0.23276842,0.0002478,0.0,196.0,0.0
9.0,8.0,0.23292061,9.289e-5,0.0,196.0,0.0
9.0,10.0,0.23297209,3.695e-7,0.0,196.0,0.0
9.0,9.0,0.23313293,0.0002481,0.0,195.0,0.0
9.0,10.0,0.2332113,2.013e-6,0.0,195.0,0.0
9.0,8.0,0.23329149,0.0007396,0.0,195.0,0.0
9.0,9.0,0.23338262,0.00016,0.0,195.0,0.0
9.0,8.0,0.23362729,0.0007958,0.0,195.0,0.0
9.0,9.0,0.23390341,0.0005036,0.0,195.0,0.0
9.0,10.0,0.23391161,3.559e-7,0.0,195.0,0.0
9.0,9.0,0.2341695,8.176e-5,0.0,195.0,0.0
9.0,8.0,0.2342187,0.0001833,0.0,194.0,0.0
9.0,8.0,0.2344324,0.0003796,0.0,194.0,0.0
9.0,8.0,0.2345741,0.0003909,0.0,194.0,0.0
9.0,9.0,0.2346511,0.0005552,0.0,194.0,0.0
9.0,10.0,0.23480465,0.0007488,0.0,194.0,0.0
9.0,9.0,0.23483791,0.0002221,0.0,194.0,0.0
9.0,10.0,0.23489122,0.00119,0.0,194.0,0.0
9.0,8.0,0.23500968,6.366e-6,0.0,194.0,0.0
9.0,9.0,0.23507939,0.001092,0.0,194.0,0.0
9.0,9.0,0.2353145,0.0003418,0.0,194.0,0.0
9.0,8.0,0.23547944,6.031e-5,0.0,193.0,0.0
9.0,10.0,0.23552136,3.01e-5,0.0,193.0,0.0
9.0,8.0,0.23580658,0.0004608,0.0,193.0,0.0
9.0,8.0,0.23591001,0.0009585,0.0,193.0,0.0
9.0,9.0,0.23591229,0.0006934,0.0,193.0,0.0
9.0,10.0,0.23603805,0.0001327,0.0,193.0,0.0
9.0,9.0,0.23606812,0.0008574,0.0,193.0,0.0
9.0,8.0,0.23617838,0.0007269,0.0,193.0,0.0
9.0,8.0,0.23649732,0.001017,0.0,193.0,0.0
9.0,8.0,0.23662126,0.0003904,0.0,193.0,0.0
9.0,10.0,0.23680123,0.0009022,0.0,192.0,0.0
9.0,9.0,0.23686046,0.0005856,0.0,192.0,0.0
9.0,8.0,0.23692015,0.000615,0.0,192.0,0.0
9.0,9.0,0.23695615,0.0008358,0.0,192.0,0.0
9.0,10.0,0.23713658,0.002264,0.0,192.0,0.0
9.0,8.0,0.23717394,0.0007066,0.0,192.0,0.0
9.0,8.0,0.23728192,0.03002,0.0,192.0,0.0
9.0,9.0,0.23748195,0.0003001,0.0,192.0,0.0
9.0,8.0,0.23750837,0.0001791,0.0,192.0,0.0
9.0,8.0,0.23788245,0.0005509,0.0,191.0,0.0
9.0,10.0,0.23788336,8.604e-5,0.0,191.0,0.0
9.0,9.0,0.23794532,2.522e-5,0.0,191.0,0.0
9.0,9.0,0.23803554,0.0005076,0.0,191.0,0.0
9.0,9.0,0.23820412,7.002e-5,0.0,191.0,0.0
9.0,8.0,0.23820959,0.01737,0.0,191.0,0.0
9.0,10.0,0.23831165,3.292e-5,0.0,191.0,0.0
9.0,8.0,0.2386069,0.005573,0.0,191.0,0.0
9.0,9.0,0.23895865,0.0006566,0.0,191.0,0.0
9.0,8.0,0.23898553,0.002065,0.0,191.0,0.0
9.0,10.0,0.23904158,0.0001058,0.0,191.0,0.0
9.0,8.0,0.23933181,0.002036,0.0,190.0,0.0
9.0,10.0,0.23944299,0.0009166,0.0,190.0,0.0
9.0,8.0,0.23954733,0.0001796,0.0,190.0,0.0
9.0,9.0,0.23956601,0.0002778,0.0,190.0,0.0
9.0,8.0,0.23963117,0.0003843,0.0,190.0,0.0
9.0,8.0,0.23986126,0.002029,0.0,190.0,0.0
9.0,9.0,0.23996469,0.003712,0.0,190.0,0.0
9.0,8.0,0.24014193,0.002231,0.0,190.0,0.0
9.0,9.0,0.24024809,0.002322,0.0,190.0,0.0
9.0,10.0,0.24027452,0.0005822,0.0,190.0,0.0
9.0,10.0,0.24058754,0.0001432,0.0,189.0,0.0
9.0,8.0,0.24069826,0.000676,0.0,189.0,0.0
9.0,9.0,0.24070646,0.004791,0.0,189.0,0.0
9.0,9.0,0.24079348,0.005473,0.0,189.0,0.0
9.0,8.0,0.24081034,0.0001912,0.0,189.0,0.0
9.0,10.0,0.24082356,0.0003418,0.0,189.0,0.0
9.0,8.0,0.24131382,0.007035,0.0,189.0,0.0
9.0,9.0,0.24145096,0.0002413,0.0,189.0,0.0
9.0,8.0,0.24150473,0.00149,0.0,189.0,0.0
9.0,8.0,0.24173801,0.0001629,0.0,188.0,0.0
9.0,10.0,0.24174986,3.584e-7,0.0,188.0,0.0
9.0,9.0,0.24179269,0.0007532,0.0,188.0,0.0
9.0,9.0,0.24196264,5.513e-6,0.0,188.0,0.0
9.0,10.0,0.24200957,0.0004965,0.0,188.0,0.0
9.0,8.0,0.24218453,0.003651,0.0,188.0,0.0
9.0,10.0,0.24248069,0.0005523,0.0,188.0,0.0
9.0,8.0,0.24249618,0.001983,0.0,188.0,0.0
9.0,8.0,0.24262148,0.003222,0.0,188.0,0.0
9.0,9.0,0.24276774,0.002428,0.0,188.0,0.0
9.0,10.0,0.24283609,4.49e-5,0.0,188.0,0.0
9.0,8.0,0.24300968,0.001189,0.0,187.0,0.0
9.0,8.0,0.24314911,0.0006815,0.0,187.0,0.0
9.0,9.0,0.24324297,3.127e-6,0.0,187.0,0.0
9.0,9.0,0.24360337,0.0002648,0.0,187.0,0.0
9.0,8.0,0.24369359,0.001135,0.0,187.0,0.0
9.0,9.0,0.24373095,0.001459,0.0,187.0,0.0
9.0,10.0,0.24389498,0.003086,0.0,187.0,0.0
9.0,9.0,0.24392596,0.005645,0.0,187.0,0.0
9.0,9.0,0.24406812,0.0002339,0.0,187.0,0.0
9.0,10.0,0.24414193,0.001161,0.0,187.0,0.0
9.0,8.0,0.24418658,0.001594,0.0,187.0,0.0
9.0,8.0,0.24432054,0.0005402,0.0,186.0,0.0
9.0,9.0,0.24454835,0.001656,0.0,186.0,0.0
9.0,8.0,0.2446208,8.992e-5,0.0,186.0,0.0
9.0,9.0,0.24498941,0.001838,0.0,186.0,0.0
9.0,8.0,0.24507643,3.605e-5,0.0,186.0,0.0
9.0,8.0,0.24523271,0.0006211,0.0,186.0,0.0
9.0,10.0,0.24531473,6.477e-5,0.0,186.0,0.0
9.0,8.0,0.24543228,0.0002202,0.0,186.0,0.0
9.0,9.0,0.24543274,0.02169,0.0,186.0,0.0
9.0,8.0,0.24588883,1.533e-5,0.0,185.0,0.0
9.0,9.0,0.2460164,0.007892,0.0,185.0,0.0
9.0,10.0,0.24603918,0.003645,0.0,185.0,0.0
9.0,8.0,0.2462228,0.0002512,0.0,185.0,0.0
9.0,10.0,0.24649573,5.301e-9,0.0,185.0,0.0
9.0,8.0,0.24659232,0.004175,0.0,185.0,0.0
9.0,9.0,0.24663971,0.001059,0.0,185.0,0.0
9.0,10.0,0.24675362,0.0003112,0.0,185.0,0.0
9.0,8.0,0.24689532,0.005232,0.0,184.0,0.0
9.0,8.0,0.24728169,0.004484,0.0,184.0,0.0
9.0,10.0,0.24735186,0.008352,0.0,184.0,0.0
9.0,9.0,0.24741747,0.0003152,0.0,184.0,0.0
9.0,8.0,0.2474234,0.002324,0.0,184.0,0.0
9.0,9.0,0.24786809,1.68e-5,0.0,184.0,0.0
9.0,10.0,0.24794737,3.785e-6,0.0,184.0,0.0
9.0,8.0,0.24809637,4.477e-5,0.0,184.0,0.0
9.0,9.0,0.24827452,0.0008967,0.0,183.0,0.0
9.0,8.0,0.24829457,0.0008693,0.0,183.0,0.0
9.0,10.0,0.24833876,0.002897,0.0,183.0,0.0
9.0,9.0,0.24853742,5.893e-5,0.0,183.0,0.0
9.0,8.0,0.2485479,0.0007878,0.0,183.0,0.0
9.0,8.0,0.24882902,0.0008862,0.0,183.0,0.0
9.0,9.0,0.24887641,0.005636,0.0,183.0,0.0
9.0,10.0,0.24905274,0.0009002,0.0,183.0,0.0
9.0,8.0,0.2491425,5.978e-5,0.0,183.0,0.0
9.0,9.0,0.24921859,0.0002969,0.0,183.0,0.0
9.0,9.0,0.24924502,4.602e-5,0.0,183.0,0.0
9.0,8.0,0.2495471,0.0003719,0.0,183.0,0.0
9.0,10.0,0.24955439,0.003661,0.0,183.0,0.0
9.0,9.0,0.24966511,0.002133,0.0,182.0,0.0
9.0,8.0,0.24983597,0.001169,0.0,182.0,0.0
9.0,10.0,0.24988108,0.0002976,0.0,182.0,0.0
9.0,10.0,0.24992801,0.002285,0.0,182.0,0.0
9.0,8.0,0.24999089,0.002869,0.0,182.0,0.0
9.0,8.0,0.25018271,7.969e-5,0.0,182.0,0.0
9.0,9.0,0.25039777,1.625e-5,0.0,182.0,0.0
9.0,9.0,0.25057956,0.0002471,0.0,182.0,0.0
9.0,8.0,0.25077822,0.0067,0.0,182.0,0.0
9.0,9.0,0.25084657,0.002225,0.0,182.0,0.0
9.0,10.0,0.2509427,0.004208,0.0,182.0,0.0
9.0,8.0,0.25094908,0.003157,0.0,182.0,0.0
9.0,8.0,0.25111129,0.0007624,0.0,181.0,0.0
9.0,9.0,0.25114637,0.0001702,0.0,181.0,0.0
9.0,10.0,0.25141565,0.0002836,0.0,181.0,0.0
9.0,8.0,0.25177104,0.001367,0.0,181.0,0.0
9.0,9.0,0.25177332,6.021e-5,0.0,181.0,0.0
9.0,10.0,0.25181433,0.0004044,0.0,181.0,0.0
9.0,8.0,0.25191958,0.004437,0.0,181.0,0.0
9.0,9.0,0.25212507,0.002246,0.0,181.0,0.0
9.0,10.0,0.25213874,0.0003608,0.0,181.0,0.0
9.0,8.0,0.2524431,0.001285,0.0,180.0,0.0
9.0,9.0,0.25247409,0.001259,0.0,180.0,0.0
9.0,10.0,0.25252421,0.0007407,0.0,180.0,0.0
9.0,8.0,0.2526003,0.004862,0.0,180.0,0.0
9.0,8.0,0.25284588,0.006699,0.0,180.0,0.0
9.0,9.0,0.25285499,0.002927,0.0,180.0,0.0
9.0,9.0,0.25304818,0.002276,0.0,180.0,0.0
9.0,10.0,0.25325869,3.771e-6,0.0,180.0,0.0
9.0,8.0,0.25327053,0.00224,0.0,180.0,0.0
9.0,9.0,0.25339036,0.008403,0.0,180.0,0.0
9.0,9.0,0.25346691,0.001716,0.0,180.0,0.0
9.0,8.0,0.25364005,0.0004499,0.0,180.0,0.0
9.0,8.0,0.25394396,0.0005136,0.0,179.0,0.0
9.0,9.0,0.25402278,0.000144,0.0,179.0,0.0
9.0,10.0,0.25414125,0.000335,0.0,179.0,0.0
9.0,8.0,0.25430208,0.002245,0.0,179.0,0.0
9.0,9.0,0.25449892,0.001555,0.0,179.0,0.0
9.0,10.0,0.25456681,0.001095,0.0,179.0,0.0
9.0,9.0,0.25495273,3.115e-6,0.0,179.0,0.0
9.0,8.0,0.25502381,0.007059,0.0,179.0,0.0
9.0,9.0,0.25560383,6.476e-5,0.0,178.0,0.0
9.0,8.0,0.25560383,0.00198,0.0,178.0,0.0
9.0,8.0,0.25565623,0.001407,0.0,178.0,0.0
9.0,10.0,0.25569769,0.002406,0.0,178.0,0.0
9.0,10.0,0.25584212,5.646e-5,0.0,178.0,0.0
9.0,8.0,0.25593917,0.002273,0.0,178.0,0.0
9.0,8.0,0.2561392,0.0008661,0.0,178.0,0.0
9.0,9.0,0.25629457,0.000473,0.0,178.0,0.0
9.0,8.0,0.2563497,0.006744,0.0,178.0,0.0
9.0,9.0,0.25662763,0.0009425,0.0,177.0,0.0
9.0,8.0,0.25681353,0.0005333,0.0,177.0,0.0
9.0,8.0,0.25701629,4.12e-6,0.0,177.0,0.0
9.0,9.0,0.25714159,7.579e-5,0.0,177.0,0.0
9.0,8.0,0.25748195,0.0003112,0.0,177.0,0.0
9.0,9.0,0.25755712,3.626e-5,0.0,177.0,0.0
9.0,8.0,0.25761864,0.0002129,0.0,177.0,0.0
9.0,9.0,0.25764643,0.000576,0.0,177.0,0.0
9.0,9.0,0.25784827,2.337e-7,0.0,177.0,0.0
9.0,8.0,0.25829935,0.000262,0.0,176.0,0.0
9.0,10.0,0.25830846,0.0002127,0.0,176.0,0.0
9.0,10.0,0.25850666,0.0007294,0.0,176.0,0.0
9.0,9.0,0.25886479,0.000786,0.0,176.0,0.0
9.0,8.0,0.25891673,2.452e-5,0.0,176.0,0.0
9.0,9.0,0.2590516,7.942e-6,0.0,176.0,0.0
9.0,8.0,0.25938512,0.0005985,0.0,176.0,0.0
9.0,8.0,0.2594398,0.0002975,0.0,176.0,0.0
9.0,9.0,0.25962205,0.0005667,0.0,175.0,0.0
9.0,10.0,0.25962524,0.003281,0.0,175.0,0.0
9.0,10.0,0.25989407,0.005974,0.0,175.0,0.0
9.0,8.0,0.25990637,6.189e-5,0.0,175.0,0.0
9.0,8.0,0.26019114,8.422e-5,0.0,175.0,0.0
9.0,9.0,0.26033147,0.003151,0.0,175.0,0.0
9.0,9.0,0.26050963,0.000212,0.0,175.0,0.0
9.0,8.0,0.26051555,0.0001833,0.0,175.0,0.0
9.0,9.0,0.26057934,0.001088,0.0,175.0,0.0
9.0,8.0,0.2609124,6.628e-6,0.0,175.0,0.0
9.0,9.0,0.2610049,0.002378,0.0,175.0,0.0
9.0,9.0,0.26115617,0.002651,0.0,174.0,0.0
9.0,8.0,0.2611949,0.001663,0.0,174.0,0.0
9.0,9.0,0.26178221,0.008058,0.0,174.0,0.0
9.0,8.0,0.26178676,0.0007459,0.0,174.0,0.0
9.0,10.0,0.26186559,0.0001492,0.0,174.0,0.0
9.0,8.0,0.26195626,9.327e-6,0.0,174.0,0.0
9.0,8.0,0.26225607,3.797e-5,0.0,174.0,0.0
9.0,8.0,0.26238638,0.0005239,0.0,174.0,0.0
9.0,10.0,0.26240961,0.005079,0.0,174.0,0.0
9.0,9.0,0.26316824,0.0006734,0.0,173.0,0.0
9.0,8.0,0.26336872,0.001638,0.0,173.0,0.0
9.0,10.0,0.26365987,7.533e-5,0.0,173.0,0.0
9.0,8.0,0.26380112,0.005175,0.0,173.0,0.0
9.0,9.0,0.2640385,0.001832,0.0,173.0,0.0
9.0,8.0,0.26417565,0.005151,0.0,172.0,0.0
9.0,10.0,0.26440574,1.067e-6,0.0,172.0,0.0
9.0,9.0,0.26440665,0.0008364,0.0,172.0,0.0
9.0,8.0,0.2647666,1.032e-5,0.0,172.0,0.0
9.0,10.0,0.26506049,3.507e-5,0.0,172.0,0.0
9.0,9.0,0.265163,0.001145,0.0,172.0,0.0
9.0,8.0,0.2652318,0.001382,0.0,172.0,0.0
9.0,10.0,0.26527919,1.675e-7,0.0,172.0,0.0
9.0,9.0,0.26551931,2.295e-5,0.0,172.0,0.0
9.0,8.0,0.26562046,9.892e-5,0.0,171.0,0.0
9.0,8.0,0.26581775,0.001282,0.0,171.0,0.0
9.0,10.0,0.26606516,0.0008825,0.0,171.0,0.0
9.0,8.0,0.26609614,0.0001125,0.0,171.0,0.0
9.0,10.0,0.26641964,4.297e-5,0.0,171.0,0.0
9.0,9.0,0.26666431,3.795e-5,0.0,171.0,0.0
9.0,8.0,0.26676501,0.001302,0.0,171.0,0.0
9.0,9.0,0.26694362,0.0006243,0.0,171.0,0.0
9.0,8.0,0.26721062,0.00119,0.0,170.0,0.0
9.0,8.0,0.26768721,0.001563,0.0,170.0,0.0
9.0,9.0,0.2677314,7.087e-7,0.0,170.0,0.0
9.0,8.0,0.26796059,1.136e-6,0.0,170.0,0.0
9.0,9.0,0.26827042,3.499e-6,0.0,170.0,0.0
9.0,8.0,0.26829548,0.0005527,0.0,170.0,0.0
9.0,10.0,0.26851464,0.0003045,0.0,170.0,0.0
9.0,8.0,0.26875293,0.0003497,0.0,169.0,0.0
9.0,9.0,0.26892197,2.88e-5,0.0,169.0,0.0
9.0,8.0,0.26917622,0.0005041,0.0,169.0,0.0
9.0,9.0,0.26975441,2.903e-5,0.0,169.0,0.0
9.0,8.0,0.26997813,0.000104,0.0,169.0,0.0
9.0,8.0,0.27042465,9.707e-5,0.0,168.0,0.0
9.0,8.0,0.2704857,4.019e-6,0.0,168.0,0.0
9.0,9.0,0.2706593,0.000113,0.0,168.0,0.0
9.0,8.0,0.27082652,3.97e-5,0.0,168.0,0.0
9.0,10.0,0.27102517,3.332e-6,0.0,168.0,0.0
9.0,9.0,0.27110947,1.526e-6,0.0,168.0,0.0
9.0,8.0,0.27129081,1.452e-5,0.0,168.0,0.0
9.0,9.0,0.27162069,9.425e-5,0.0,168.0,0.0
9.0,10.0,0.27192915,1.028e-5,0.0,168.0,0.0
9.0,8.0,0.27193826,1.397e-5,0.0,168.0,0.0
9.0,9.0,0.27222668,3.963e-6,0.0,167.0,0.0
9.0,8.0,0.27274063,2.606e-5,0.0,167.0,0.0
9.0,9.0,0.2730573,9.867e-6,0.0,167.0,0.0
9.0,8.0,0.27337077,3.689e-5,0.0,167.0,0.0
9.0,8.0,0.27387971,6.452e-6,0.0,166.0,0.0
9.0,9.0,0.27390842,9.145e-5,0.0,166.0,0.0
9.0,8.0,0.27443148,5.151e-5,0.0,166.0,0.0
9.0,9.0,0.27492812,1.661e-5,0.0,166.0,0.0
9.0,8.0,0.27508805,1.076e-5,0.0,166.0,0.0
9.0,9.0,0.27540563,7.108e-5,0.0,165.0,0.0
9.0,10.0,0.27540973,8.173e-7,0.0,165.0,0.0
9.0,8.0,0.27578152,4.266e-6,0.0,165.0,0.0
9.0,8.0,0.27628226,3.403e-6,0.0,165.0,0.0
9.0,9.0,0.27644629,0.0002715,0.0,165.0,0.0
9.0,8.0,0.27688917,7.259e-6,0.0,165.0,0.0
9.0,8.0,0.27743775,3.638e-5,0.0,164.0,0.0
9.0,10.0,0.27872765,8.85e-7,0.0,163.0,0.0
9.0,8.0,0.27891582,9.487e-7,0.0,163.0,0.0
9.0,9.0,0.27919057,5.463e-5,0.0,163.0,0.0
9.0,8.0,0.27981661,2.014e-6,0.0,163.0,0.0
9.0,10.0,0.28016107,3.387e-5,0.0,163.0,0.0
9.0,9.0,0.28029411,1.336e-6,0.0,163.0,0.0
9.0,8.0,0.28037977,5.595e-5,0.0,162.0,0.0
9.0,8.0,0.28103315,9.449e-5,0.0,162.0,0.0
9.0,9.0,0.28136075,6.649e-5,0.0,162.0,0.0
9.0,8.0,0.28196309,9.998e-7,0.0,162.0,0.0
9.0,10.0,0.28265383,0.0008515,0.0,161.0,0.0
9.0,8.0,0.28301424,4.492e-5,0.0,161.0,0.0
9.0,9.0,0.28364164,7.646e-7,0.0,161.0,0.0
9.0,8.0,0.28368903,0.000275,0.0,161.0,0.0
9.0,9.0,0.28440027,3.252e-5,0.0,160.0,0.0
9.0,8.0,0.28494749,0.0001441,0.0,160.0,0.0
9.0,9.0,0.28509921,0.0002806,0.0,160.0,0.0
9.0,8.0,0.28529741,0.009158,0.0,160.0,0.0
9.0,10.0,0.28541588,1.134e-6,0.0,160.0,0.0
9.0,9.0,0.28561864,0.000518,0.0,159.0,0.0
9.0,8.0,0.28572389,0.01535,0.0,159.0,0.0
9.0,8.0,0.2861089,2.551e-8,0.0,159.0,0.0
9.0,10.0,0.2862383,7.712e-5,0.0,159.0,0.0
9.0,9.0,0.28674724,0.0003656,0.0,159.0,0.0
9.0,9.0,0.28711949,0.002496,0.0,159.0,0.0
9.0,10.0,0.28729673,0.000526,0.0,159.0,0.0
9.0,8.0,0.28825402,8.949e-5,0.0,158.0,0.0
9.0,8.0,0.28847728,1.428e-6,0.0,158.0,0.0
9.0,8.0,0.2889484,2.55e-6,0.0,158.0,0.0
9.0,8.0,0.28896571,0.001307,0.0,158.0,0.0
9.0,9.0,0.28901902,0.001262,0.0,158.0,0.0
9.0,9.0,0.28941041,0.00143,0.0,157.0,0.0
9.0,8.0,0.28997494,0.0001016,0.0,157.0,0.0
9.0,8.0,0.29052808,0.0001894,0.0,157.0,0.0
9.0,9.0,0.29059961,0.2381,0.0,157.0,0.0
9.0,9.0,0.29100148,0.008311,0.0,157.0,0.0
9.0,8.0,0.29105752,0.0005796,0.0,157.0,0.0
9.0,8.0,0.29185443,0.0004682,0.0,156.0,0.0
9.0,10.0,0.29210912,0.0005906,0.0,156.0,0.0
9.0,9.0,0.29215788,5.706e-6,0.0,156.0,0.0
9.0,10.0,0.29270783,0.001075,0.0,156.0,0.0
9.0,8.0,0.29316255,0.003753,0.0,155.0,0.0
9.0,8.0,0.29338763,0.002545,0.0,155.0,0.0
9.0,9.0,0.2940246,0.03106,0.0,155.0,0.0
9.0,10.0,0.29428113,0.0008726,0.0,155.0,0.0
9.0,8.0,0.29440825,3.944e-5,0.0,155.0,0.0
9.0,8.0,0.2952252,0.01309,0.0,154.0,0.0
9.0,8.0,0.29531815,0.001129,0.0,154.0,0.0
9.0,8.0,0.29593416,0.002071,0.0,154.0,0.0
9.0,9.0,0.29632965,0.02172,0.0,154.0,0.0
9.0,8.0,0.2967019,0.04621,0.0,154.0,0.0
9.0,10.0,0.2968591,1.914e-5,0.0,153.0,0.0
9.0,9.0,0.29687049,7.066e-7,0.0,153.0,0.0
9.0,8.0,0.29719809,0.0002244,0.0,153.0,0.0
9.0,9.0,0.29850894,0.0006288,0.0,153.0,0.0
9.0,8.0,0.29892812,0.002289,0.0,152.0,0.0
9.0,10.0,0.29898781,0.002363,0.0,152.0,0.0
9.0,9.0,0.29994692,0.004071,0.0,152.0,0.0
9.0,8.0,0.30007176,0.002296,0.0,152.0,0.0
9.0,9.0,0.30017975,0.0002879,0.0,152.0,0.0
9.0,10.0,0.30034651,2.695e-5,0.0,152.0,0.0
9.0,8.0,0.30034788,3.575e-5,0.0,152.0,0.0
9.0,9.0,0.3004873,0.00103,0.0,152.0,0.0
9.0,8.0,0.30075749,0.005239,0.0,151.0,0.0
9.0,10.0,0.3015872,0.003458,0.0,151.0,0.0
9.0,10.0,0.30168425,0.0003233,0.0,151.0,0.0
9.0,8.0,0.30177173,0.0001562,0.0,151.0,0.0
9.0,9.0,0.30190386,2.691e-5,0.0,151.0,0.0
9.0,8.0,0.30221734,0.001142,0.0,151.0,0.0
9.0,9.0,0.30230846,0.006426,0.0,151.0,0.0
9.0,8.0,0.30268208,0.001329,0.0,150.0,0.0
9.0,8.0,0.3031409,0.0004979,0.0,150.0,0.0
9.0,9.0,0.30326256,0.001012,0.0,150.0,0.0
9.0,8.0,0.303905,0.0002037,0.0,150.0,0.0
9.0,9.0,0.30394145,0.01077,0.0,150.0,0.0
9.0,10.0,0.30395968,0.0001791,0.0,150.0,0.0
9.0,8.0,0.30441759,0.002611,0.0,150.0,0.0
9.0,10.0,0.30466363,0.0001351,0.0,150.0,0.0
9.0,8.0,0.30491468,4.012e-8,0.0,149.0,0.0
9.0,10.0,0.30535072,0.0003039,0.0,149.0,0.0
9.0,8.0,0.3054988,0.004515,0.0,149.0,0.0
9.0,9.0,0.30591799,3.628e-5,0.0,149.0,0.0
9.0,9.0,0.30628204,0.001536,0.0,149.0,0.0
9.0,9.0,0.30650666,0.001391,0.0,149.0,0.0
9.0,8.0,0.30661237,2.99e-6,0.0,149.0,0.0
9.0,10.0,0.30674769,2.949e-5,0.0,148.0,0.0
9.0,8.0,0.30717189,4.911e-5,0.0,148.0,0.0
9.0,9.0,0.3076585,0.01774,0.0,148.0,0.0
9.0,8.0,0.30766944,4.382e-5,0.0,148.0,0.0
9.0,10.0,0.3076904,4.437e-5,0.0,148.0,0.0
9.0,10.0,0.30828135,0.005603,0.0,148.0,0.0
9.0,9.0,0.30837157,0.008448,0.0,148.0,0.0
9.0,9.0,0.30891559,0.00583,0.0,147.0,0.0
9.0,8.0,0.30897938,2.89e-5,0.0,147.0,0.0
9.0,8.0,0.30998588,0.002453,0.0,147.0,0.0
9.0,9.0,0.30999818,7.469e-6,0.0,147.0,0.0
9.0,8.0,0.31050347,2.184e-6,0.0,147.0,0.0
9.0,8.0,0.31075225,0.0004555,0.0,147.0,0.0
9.0,9.0,0.31109625,0.0001608,0.0,146.0,0.0
9.0,8.0,0.31131222,3.666e-5,0.0,146.0,0.0
9.0,9.0,0.31147352,0.001797,0.0,146.0,0.0
9.0,9.0,0.31158059,0.002193,0.0,146.0,0.0
9.0,8.0,0.31219296,0.0005687,0.0,146.0,0.0
9.0,10.0,0.31220617,0.004757,0.0,146.0,0.0
9.0,9.0,0.31239207,0.003485,0.0,146.0,0.0
9.0,8.0,0.31259984,6.874e-5,0.0,146.0,0.0
9.0,8.0,0.3129885,0.0002108,0.0,146.0,0.0
9.0,9.0,0.31327919,0.001187,0.0,145.0,0.0
9.0,8.0,0.31344322,0.0001834,0.0,145.0,0.0
9.0,10.0,0.31400319,0.0001605,0.0,145.0,0.0
9.0,9.0,0.3141777,0.002659,0.0,145.0,0.0
9.0,10.0,0.31434172,0.0005841,0.0,145.0,0.0
9.0,8.0,0.31480282,1.772e-8,0.0,145.0,0.0
9.0,9.0,0.31488302,0.0007263,0.0,145.0,0.0
9.0,8.0,0.31496139,0.0001611,0.0,145.0,0.0
9.0,8.0,0.31569951,0.0005,0.0,144.0,0.0
9.0,8.0,0.31604716,2.847e-7,0.0,144.0,0.0
9.0,8.0,0.31615286,0.0002081,0.0,144.0,0.0
9.0,9.0,0.31676159,0.002908,0.0,144.0,0.0
9.0,8.0,0.31718715,0.0002682,0.0,144.0,0.0
9.0,10.0,0.31724775,0.001599,0.0,144.0,0.0
9.0,8.0,0.31768379,0.0007062,0.0,143.0,0.0
9.0,9.0,0.31823738,7.034e-5,0.0,143.0,0.0
9.0,8.0,0.31851395,5.705e-5,0.0,143.0,0.0
9.0,8.0,0.31912268,0.0001976,0.0,143.0,0.0
9.0,10.0,0.31915959,7.942e-5,0.0,143.0,0.0
9.0,8.0,0.31964666,0.0001013,0.0,143.0,0.0
9.0,10.0,0.31971181,0.008782,0.0,142.0,0.0
9.0,9.0,0.32049778,7.85e-5,0.0,142.0,0.0
9.0,8.0,0.32092653,9.543e-5,0.0,142.0,0.0
9.0,9.0,0.32118123,0.0008204,0.0,142.0,0.0
9.0,9.0,0.32171523,0.000652,0.0,142.0,0.0
9.0,8.0,0.32209295,6.0e-6,0.0,141.0,0.0
9.0,9.0,0.32214899,0.0001325,0.0,141.0,0.0
9.0,10.0,0.32226518,0.0002406,0.0,141.0,0.0
9.0,10.0,0.32249618,1.001e-5,0.0,141.0,0.0
9.0,8.0,0.32292858,0.000126,0.0,141.0,0.0
9.0,9.0,0.32338239,0.008864,0.0,141.0,0.0
9.0,10.0,0.32433648,2.195e-6,0.0,140.0,0.0
9.0,8.0,0.32450006,6.67e-5,0.0,140.0,0.0
9.0,8.0,0.32478164,0.0003231,0.0,140.0,0.0
9.0,8.0,0.32539856,8.448e-7,0.0,140.0,0.0
9.0,9.0,0.3255029,0.0003091,0.0,140.0,0.0
9.0,9.0,0.32624285,3.28e-5,0.0,140.0,0.0
9.0,8.0,0.32673676,1.97e-5,0.0,139.0,0.0
9.0,10.0,0.32710719,1.095e-5,0.0,139.0,0.0
9.0,8.0,0.32758013,2.058e-5,0.0,139.0,0.0
9.0,10.0,0.32777925,8.904e-5,0.0,139.0,0.0
9.0,9.0,0.32795102,8.2e-5,0.0,139.0,0.0
9.0,9.0,0.32812006,0.0002548,0.0,139.0,0.0
9.0,8.0,0.32872787,3.876e-5,0.0,139.0,0.0
9.0,8.0,0.3293161,5.867e-8,0.0,138.0,0.0
9.0,10.0,0.3303276,3.514e-5,0.0,138.0,0.0
9.0,9.0,0.33102836,2.428e-5,0.0,138.0,0.0
9.0,8.0,0.33104294,5.017e-5,0.0,138.0,0.0
9.0,8.0,0.33200706,8.289e-6,0.0,137.0,0.0
9.0,9.0,0.33256977,1.301e-5,0.0,137.0,0.0
9.0,8.0,0.33264267,0.0001543,0.0,137.0,0.0
9.0,8.0,0.333199,6.328e-5,0.0,137.0,0.0
9.0,10.0,0.33432942,1.777e-6,0.0,136.0,0.0
9.0,9.0,0.33437499,6.019e-7,0.0,136.0,0.0
9.0,8.0,0.33444424,7.548e-6,0.0,136.0,0.0
9.0,9.0,0.33548217,3.741e-6,0.0,136.0,0.0
9.0,9.0,0.33594145,2.494e-5,0.0,136.0,0.0
9.0,9.0,0.3366691,4.178e-6,0.0,135.0,0.0
9.0,8.0,0.33676113,0.0001116,0.0,135.0,0.0
9.0,10.0,0.33697665,3.326e-6,0.0,135.0,0.0
9.0,8.0,0.33738034,8.338e-7,0.0,135.0,0.0
9.0,8.0,0.33793439,0.0001176,0.0,135.0,0.0
9.0,8.0,0.33848844,0.0009342,0.0,135.0,0.0
9.0,9.0,0.33861875,5.784e-6,0.0,135.0,0.0
9.0,10.0,0.33922975,4.38e-5,0.0,134.0,0.0
9.0,8.0,0.33999886,0.0003915,0.0,134.0,0.0
9.0,10.0,0.34044174,3.344e-5,0.0,134.0,0.0
9.0,9.0,0.34064267,0.0001921,0.0,134.0,0.0
9.0,8.0,0.34074792,0.0001226,0.0,134.0,0.0
9.0,9.0,0.34165372,2.543e-7,0.0,133.0,0.0
9.0,10.0,0.3420287,2.004e-6,0.0,133.0,0.0
9.0,8.0,0.34226746,0.0002939,0.0,133.0,0.0
9.0,9.0,0.34228158,2.868e-6,0.0,133.0,0.0
9.0,9.0,0.34360702,8.392e-5,0.0,133.0,0.0
9.0,9.0,0.34386308,8.348e-6,0.0,132.0,0.0
9.0,8.0,0.34415469,0.0002126,0.0,132.0,0.0
9.0,8.0,0.34444493,2.306e-5,0.0,132.0,0.0
9.0,9.0,0.34486866,0.0002024,0.0,132.0,0.0
9.0,10.0,0.34501902,0.0002336,0.0,132.0,0.0
9.0,8.0,0.34512108,6.414e-6,0.0,132.0,0.0
9.0,9.0,0.3457371,3.159e-5,0.0,132.0,0.0
9.0,8.0,0.34578676,5.432e-6,0.0,132.0,0.0
9.0,10.0,0.34646657,0.0003043,0.0,131.0,0.0
9.0,8.0,0.34739697,1.767e-5,0.0,131.0,0.0
9.0,8.0,0.34759335,1.347e-5,0.0,131.0,0.0
9.0,8.0,0.34829457,1.513e-6,0.0,131.0,0.0
9.0,9.0,0.34903224,2.265e-5,0.0,131.0,0.0
9.0,8.0,0.34939811,3.467e-5,0.0,130.0,0.0
9.0,8.0,0.34975533,0.0005592,0.0,130.0,0.0
9.0,10.0,0.35137145,1.871e-5,0.0,130.0,0.0
9.0,9.0,0.35151407,0.0008416,0.0,130.0,0.0
9.0,9.0,0.35164073,2.624e-6,0.0,130.0,0.0
9.0,10.0,0.35192004,2.714e-5,0.0,129.0,0.0
9.0,8.0,0.3519861,3.082e-5,0.0,129.0,0.0
9.0,8.0,0.3524062,0.0003967,0.0,129.0,0.0
9.0,8.0,0.35305775,0.0001692,0.0,129.0,0.0
9.0,9.0,0.35308463,0.001301,0.0,129.0,0.0
9.0,9.0,0.35464153,8.399e-6,0.0,128.0,0.0
9.0,8.0,0.35511311,4.137e-6,0.0,128.0,0.0
9.0,10.0,0.35558834,2.133e-5,0.0,128.0,0.0
9.0,8.0,0.35583438,3.348e-5,0.0,128.0,0.0
9.0,10.0,0.35636838,2.256e-5,0.0,128.0,0.0
9.0,9.0,0.35639025,0.0004761,0.0,128.0,0.0
9.0,8.0,0.35674382,1.302e-5,0.0,128.0,0.0
9.0,9.0,0.35703041,3.664e-5,0.0,128.0,0.0
9.0,10.0,0.35758036,3.045e-5,0.0,127.0,0.0
9.0,8.0,0.35758127,3.878e-5,0.0,127.0,0.0
9.0,9.0,0.35998246,6.705e-5,0.0,127.0,0.0
9.0,8.0,0.36036929,3.849e-6,0.0,126.0,0.0
9.0,8.0,0.36156396,9.927e-5,0.0,126.0,0.0
9.0,9.0,0.36185967,1.843e-6,0.0,126.0,0.0
9.0,8.0,0.36223055,8.617e-6,0.0,126.0,0.0
9.0,9.0,0.36329263,3.015e-6,0.0,125.0,0.0
9.0,8.0,0.36367172,1.839e-5,0.0,125.0,0.0
9.0,10.0,0.36572252,5.315e-6,0.0,125.0,0.0
9.0,9.0,0.36576626,3.454e-6,0.0,125.0,0.0
9.0,8.0,0.36664153,7.863e-6,0.0,124.0,0.0
9.0,8.0,0.36883449,3.233e-6,0.0,124.0,0.0
9.0,9.0,0.36947511,6.194e-6,0.0,123.0,0.0
9.0,8.0,0.37042784,1.079e-7,0.0,123.0,0.0
9.0,9.0,0.37225948,3.162e-5,0.0,122.0,0.0
9.0,9.0,0.3734742,0.0001037,0.0,122.0,0.0
9.0,8.0,0.3739476,7.59e-7,0.0,122.0,0.0
9.0,10.0,0.37448753,0.0005048,0.0,122.0,0.0
9.0,8.0,0.37479007,0.0001296,0.0,122.0,0.0
9.0,8.0,0.3761278,6.975e-5,0.0,121.0,0.0
9.0,8.0,0.3773694,9.687e-7,0.0,121.0,0.0
9.0,8.0,0.37819866,0.04012,0.0,120.0,0.0
9.0,9.0,0.37961841,0.005793,0.0,120.0,0.0
9.0,8.0,0.38059209,0.007071,0.0,120.0,0.0
9.0,9.0,0.38130015,7.351e-5,0.0,119.0,0.0
9.0,10.0,0.38148012,0.0006727,0.0,119.0,0.0
9.0,8.0,0.38366169,0.009194,0.0,119.0,0.0
9.0,8.0,0.38467639,2.763e-5,0.0,118.0,0.0
9.0,10.0,0.38580134,0.002938,0.0,118.0,0.0
9.0,9.0,0.386344,0.0231,0.0,118.0,0.0
9.0,8.0,0.38709944,0.004951,0.0,118.0,0.0
9.0,8.0,0.3874685,6.873e-6,0.0,118.0,0.0
9.0,10.0,0.38754049,9.82e-6,0.0,118.0,0.0
9.0,9.0,0.38845358,1.075e-5,0.0,117.0,0.0
9.0,9.0,0.3887019,0.005783,0.0,117.0,0.0
9.0,8.0,0.38883221,0.006589,0.0,117.0,0.0
9.0,10.0,0.38993667,0.004383,0.0,117.0,0.0
9.0,9.0,0.39037863,6.513e-5,0.0,117.0,0.0
9.0,8.0,0.39105114,0.00428,0.0,116.0,0.0
9.0,10.0,0.3913833,0.001315,0.0,116.0,0.0
9.0,9.0,0.39154915,6.264e-6,0.0,116.0,0.0
9.0,9.0,0.39230687,0.001142,0.0,116.0,0.0
9.0,8.0,0.39253605,0.0004291,0.0,116.0,0.0
9.0,8.0,0.39312837,0.005243,0.0,116.0,0.0
9.0,9.0,0.39366283,0.02431,0.0,116.0,0.0
9.0,8.0,0.39415719,0.009615,0.0,116.0,0.0
9.0,9.0,0.39469074,0.00138,0.0,115.0,0.0
9.0,9.0,0.39470714,0.0002467,0.0,115.0,0.0
9.0,8.0,0.39531222,0.002527,0.0,115.0,0.0
9.0,8.0,0.39589908,0.001967,0.0,115.0,0.0
9.0,8.0,0.39851988,0.0002809,0.0,114.0,0.0
9.0,10.0,0.39874678,0.0008793,0.0,114.0,0.0
9.0,8.0,0.39894225,0.001612,0.0,114.0,0.0
9.0,8.0,0.39946805,1.75e-5,0.0,114.0,0.0
9.0,8.0,0.39979656,8.848e-5,0.0,114.0,0.0
9.0,8.0,0.39986217,0.0006508,0.0,114.0,0.0
9.0,9.0,0.39996241,0.001226,0.0,114.0,0.0
9.0,9.0,0.40065178,0.02615,0.0,114.0,0.0
9.0,10.0,0.40090284,0.0002688,0.0,114.0,0.0
9.0,9.0,0.40099032,0.004022,0.0,114.0,0.0
9.0,8.0,0.40165691,0.0005952,0.0,113.0,0.0
9.0,8.0,0.40226563,0.001763,0.0,113.0,0.0
9.0,10.0,0.40337829,0.0001534,0.0,113.0,0.0
9.0,8.0,0.40355006,0.004028,0.0,113.0,0.0
9.0,10.0,0.40377879,0.004242,0.0,113.0,0.0
9.0,9.0,0.40497756,0.008963,0.0,112.0,0.0
9.0,10.0,0.40512929,2.425e-8,0.0,112.0,0.0
9.0,8.0,0.40529833,0.0002219,0.0,112.0,0.0
9.0,8.0,0.40652945,0.0001772,0.0,112.0,0.0
9.0,8.0,0.40670213,0.000486,0.0,112.0,0.0
9.0,10.0,0.40683335,0.0009827,0.0,112.0,0.0
9.0,9.0,0.40756054,0.01537,0.0,112.0,0.0
9.0,9.0,0.40772776,0.03118,0.0,112.0,0.0
9.0,8.0,0.40892425,0.000104,0.0,111.0,0.0
9.0,8.0,0.40921631,0.0003075,0.0,111.0,0.0
9.0,9.0,0.40992983,2.449e-5,0.0,111.0,0.0
9.0,8.0,0.41085477,0.007479,0.0,111.0,0.0
9.0,9.0,0.41085522,9.231e-5,0.0,111.0,0.0
9.0,9.0,0.41160474,2.545e-5,0.0,111.0,0.0
9.0,8.0,0.41284634,0.0001695,0.0,110.0,0.0
9.0,9.0,0.41316984,6.179e-5,0.0,110.0,0.0
9.0,9.0,0.41460736,0.0008484,0.0,110.0,0.0
9.0,8.0,0.41474177,6.557e-7,0.0,110.0,0.0
9.0,8.0,0.41519011,3.101e-6,0.0,110.0,0.0
9.0,9.0,0.41575373,1.295e-6,0.0,110.0,0.0
9.0,8.0,0.41645632,0.0003772,0.0,109.0,0.0
9.0,8.0,0.41806333,5.883e-5,0.0,109.0,0.0
9.0,10.0,0.4185618,7.774e-6,0.0,109.0,0.0
9.0,8.0,0.41910263,6.792e-5,0.0,109.0,0.0
9.0,8.0,0.41983119,4.917e-5,0.0,108.0,0.0
9.0,9.0,0.42013464,0.0009187,0.0,108.0,0.0
9.0,10.0,0.42151293,0.0002325,0.0,108.0,0.0
9.0,8.0,0.42153617,5.724e-7,0.0,108.0,0.0
9.0,8.0,0.42229571,7.018e-5,0.0,108.0,0.0
9.0,8.0,0.42355097,6.74e-5,0.0,108.0,0.0
9.0,9.0,0.42371045,7.863e-6,0.0,108.0,0.0
9.0,8.0,0.42496662,4.709e-9,0.0,107.0,0.0
9.0,9.0,0.42512017,0.0002058,0.0,107.0,0.0
9.0,10.0,0.42525641,0.0001165,0.0,107.0,0.0
9.0,8.0,0.42695911,0.0001769,0.0,107.0,0.0
9.0,9.0,0.4273063,0.0003157,0.0,107.0,0.0
9.0,8.0,0.4281843,4.74e-7,0.0,106.0,0.0
9.0,8.0,0.42855428,4.635e-8,0.0,106.0,0.0
9.0,9.0,0.42971842,0.0005965,0.0,106.0,0.0
9.0,10.0,0.4303882,0.0001664,0.0,106.0,0.0
9.0,9.0,0.43076729,0.001101,0.0,106.0,0.0
9.0,8.0,0.43085887,0.0002239,0.0,106.0,0.0
9.0,8.0,0.4317633,0.0001253,0.0,106.0,0.0
9.0,8.0,0.43191913,0.0001478,0.0,105.0,0.0
9.0,9.0,0.43242442,0.001334,0.0,105.0,0.0
9.0,8.0,0.43348878,1.419e-5,0.0,105.0,0.0
9.0,8.0,0.43508258,0.0001534,0.0,105.0,0.0
9.0,10.0,0.43689828,0.0001323,0.0,104.0,0.0
9.0,9.0,0.43756624,0.0003432,0.0,104.0,0.0
9.0,9.0,0.43809067,0.0006002,0.0,104.0,0.0
9.0,8.0,0.43830208,0.0001589,0.0,104.0,0.0
9.0,8.0,0.43885203,1.239e-5,0.0,104.0,0.0
9.0,10.0,0.43885386,2.943e-6,0.0,104.0,0.0
9.0,8.0,0.4411024,0.0004029,0.0,103.0,0.0
9.0,8.0,0.44212484,0.0003594,0.0,103.0,0.0
9.0,8.0,0.44321426,2.141e-5,0.0,103.0,0.0
9.0,9.0,0.44362023,0.0001777,0.0,103.0,0.0
9.0,8.0,0.4446208,3.165e-5,0.0,102.0,0.0
9.0,9.0,0.44498348,0.0004101,0.0,102.0,0.0
9.0,9.0,0.44544823,0.0007597,0.0,102.0,0.0
9.0,8.0,0.4474193,4.018e-5,0.0,102.0,0.0
9.0,9.0,0.44837111,7.19e-5,0.0,102.0,0.0
9.0,8.0,0.45024012,6.609e-7,0.0,101.0,0.0
9.0,8.0,0.45185351,7.106e-5,0.0,101.0,0.0
9.0,8.0,0.45344549,1.097e-6,0.0,100.0,0.0
9.0,8.0,0.45438091,5.937e-5,0.0,100.0,0.0
9.0,8.0,0.45619387,3.675e-7,0.0,100.0,0.0
