J, Jp,  transition energy (au), line strength (au), the level inverse lifetime (au), transition energy (nm) ,linewidth (Hz)
9.0,8.0,-0.061491878,0.002716,0.0,-741.0,0.0
9.0,9.0,0.018309921,0.0005806,4.198e-13,2488.0,2762.0
9.0,8.0,0.01876036,0.004773,4.07e-13,2428.0,2678.0
9.0,8.0,0.024637339,0.04274,2.829e-13,1849.0,1861.0
9.0,8.0,0.025202734,0.002643,3.668e-15,1807.0,24.0
9.0,9.0,0.026175601,0.0001633,6.492e-13,1740.0,4271.0
9.0,8.0,0.030516779,0.1086,7.951e-13,1493.0,5231.0
9.0,9.0,0.030586946,0.0004421,1.065e-13,1489.0,701.0
9.0,8.0,0.033233489,5.865,5.839e-11,1371.0,384170.0
9.0,8.0,0.036809978,0.1969,4.614e-13,1237.0,3036.0
9.0,9.0,0.038844379,0.03246,2.852e-13,1173.0,1876.0
9.0,9.0,0.043354232,0.001824,4.547e-13,1051.0,2992.0
9.0,8.0,0.044581524,0.4585,1.691e-12,1022.0,11126.0
9.0,8.0,0.04507584,0.7252,3.41e-12,1011.0,22436.0
9.0,8.0,0.045739014,21.51,8.074e-11,996.0,531220.0
9.0,9.0,0.046858777,0.07049,8.685e-11,972.0,571420.0
9.0,9.0,0.047139629,0.002244,2.843e-12,966.0,18705.0
9.0,8.0,0.047489099,0.0002588,1.257e-14,959.0,83.0
9.0,9.0,0.055304568,7.627e-5,6.284e-16,824.0,4.0
9.0,8.0,0.056725686,0.006966,8.868e-14,803.0,583.0
9.0,8.0,0.05962989,0.0004546,5.285e-14,764.0,348.0
9.0,9.0,0.05997936,4.967e-5,3.613e-14,759.0,238.0
9.0,8.0,0.060811345,0.001522,1.595e-13,749.0,1049.0
9.0,9.0,0.062054767,2.632e-6,5.983e-14,734.0,394.0
9.0,8.0,0.062468937,1.418,1.075e-10,729.0,707284.0
9.0,8.0,0.07325422,5.446e-7,6.417e-15,622.0,42.0
9.0,8.0,0.073848365,3.074e-6,1.561e-14,617.0,103.0
9.0,8.0,0.07521982,3.92e-5,6.938e-16,606.0,5.0
9.0,8.0,0.081914888,6.265e-6,1.221e-12,556.0,8033.0
9.0,8.0,0.085575441,2.553e-5,7.387e-16,532.0,5.0
9.0,9.0,0.097423716,2.505e-6,1.268e-16,468.0,1.0
9.0,8.0,0.11060016,0.0001024,6.445e-12,412.0,42404.0
9.0,9.0,0.11083435,4.925e-6,1.899e-12,411.0,12494.0
9.0,8.0,0.11137656,0.0002041,3.464e-12,409.0,22791.0
9.0,9.0,0.11171509,1.104e-6,5.535e-12,408.0,36417.0
9.0,9.0,0.11255619,1.741e-6,8.111e-13,405.0,5337.0
9.0,8.0,0.11320638,6.208e-6,1.39e-12,402.0,9145.0
9.0,8.0,0.11434683,4.367e-6,2.087e-12,398.0,13731.0
9.0,9.0,0.11570963,5.707e-7,7.044e-13,394.0,4635.0
9.0,8.0,0.11743693,2.492e-7,6.569e-13,388.0,4322.0
9.0,8.0,0.12029284,2.696e-8,1.179e-16,379.0,1.0
9.0,8.0,0.12048283,3.62e-6,4.163e-13,378.0,2739.0
9.0,8.0,0.1264416,5.256e-6,1.076e-12,360.0,7079.0
9.0,9.0,0.12676328,1.178e-7,1.668e-13,359.0,1097.0
9.0,8.0,0.12757157,1.124e-5,1.953e-13,357.0,1285.0
9.0,8.0,0.12915307,2.06e-8,2.561e-14,353.0,168.0
9.0,9.0,0.13033817,1.622e-7,3.443e-13,349.0,2265.0
9.0,8.0,0.13081248,1.254e-6,9.176e-14,348.0,604.0
9.0,8.0,0.13297537,3.004e-11,1.177e-12,343.0,7744.0
9.0,9.0,0.13327017,7.136e-8,3.92e-13,342.0,2579.0
9.0,8.0,0.13361144,5.93e-7,3.06e-13,341.0,2013.0
9.0,8.0,0.13561121,2.579e-5,4.33e-12,336.0,28489.0
9.0,8.0,0.135865,0.001187,6.488e-11,335.0,426871.0
9.0,9.0,0.13780736,4.972e-6,6.606e-13,331.0,4346.0
9.0,8.0,0.13898608,9.528e-8,1.142e-12,328.0,7514.0
9.0,8.0,0.13943989,6.294e-6,1.597e-12,327.0,10507.0
9.0,9.0,0.14118223,2.815e-5,3.239e-12,323.0,21311.0
9.0,9.0,0.14414567,4.107e-8,6.778e-13,316.0,4460.0
9.0,8.0,0.14440447,1.994e-9,9.466e-14,315.0,623.0
9.0,8.0,0.14501547,5.453e-6,1.266e-12,314.0,8330.0
9.0,9.0,0.14505237,4.981e-6,2.795e-12,314.0,18389.0
9.0,8.0,0.1454424,2.478e-6,5.157e-13,313.0,3393.0
9.0,8.0,0.14715011,0.0009902,9.464e-11,310.0,622673.0
9.0,9.0,0.14793607,8.496e-7,7.728e-11,308.0,508455.0
9.0,9.0,0.14882501,6.224e-6,7.111e-13,306.0,4679.0
9.0,8.0,0.14912847,1.479e-8,3.403e-13,305.0,2239.0
9.0,9.0,0.14953808,0.0001292,5.99e-12,305.0,39411.0
9.0,8.0,0.15039148,3.284e-5,3.123e-11,303.0,205474.0
9.0,8.0,0.1509027,8.42e-6,6.123e-12,302.0,40286.0
9.0,9.0,0.15123394,0.001518,5.444e-11,301.0,358182.0
9.0,8.0,0.15200715,3.177e-6,2.57e-12,300.0,16909.0
9.0,9.0,0.15514236,4.528e-6,4.431e-11,294.0,291533.0
9.0,8.0,0.15762465,2.961e-6,2.108e-12,289.0,13869.0
9.0,9.0,0.15832997,8.853e-6,2.229e-12,288.0,14665.0
9.0,9.0,0.15856098,2.331e-6,1.136e-12,287.0,7474.0
9.0,8.0,0.15890543,2.44e-8,5.749e-14,287.0,378.0
9.0,8.0,0.16084233,0.0002107,2.82e-12,283.0,18554.0
9.0,9.0,0.16102732,1.169e-5,6.916e-12,283.0,45503.0
9.0,8.0,0.16144057,8.713e-8,9.835e-13,282.0,6471.0
9.0,9.0,0.16189165,0.003249,5.098e-11,281.0,335417.0
9.0,8.0,0.16233544,0.0005298,5.209e-11,281.0,342720.0
9.0,9.0,0.16314965,0.004074,5.511e-11,279.0,362590.0
9.0,8.0,0.16350049,5.828e-6,5.578e-13,279.0,3670.0
9.0,8.0,0.16455619,2.02e-5,1.077e-10,277.0,708600.0
9.0,9.0,0.16456576,1.033e-6,2.289e-12,277.0,15060.0
9.0,8.0,0.16512436,0.0001517,7.767e-11,276.0,511021.0
9.0,8.0,0.16553079,7.053e-6,9.852e-12,275.0,64820.0
9.0,9.0,0.16682023,1.818e-6,2.182e-12,273.0,14356.0
9.0,9.0,0.16771555,6.714e-8,5.569e-13,272.0,3664.0
9.0,8.0,0.16805591,1.587e-7,2.774e-12,271.0,18251.0
9.0,9.0,0.16925604,2.252e-5,4.738e-12,269.0,31173.0
9.0,8.0,0.16926333,0.0003025,3.94e-11,269.0,259228.0
9.0,9.0,0.16993402,0.001358,5.85e-11,268.0,384894.0
9.0,8.0,0.17040697,2.037e-6,6.1e-13,267.0,4013.0
9.0,8.0,0.17095738,5.015e-5,2.587e-11,266.0,170209.0
9.0,9.0,0.17121754,0.0001134,3.566e-11,266.0,234621.0
9.0,8.0,0.17178298,8.17e-7,1.33e-12,265.0,8751.0
9.0,9.0,0.17240765,2.495e-6,7.978e-13,264.0,5249.0
9.0,8.0,0.1724359,1.248e-8,1.329e-12,264.0,8744.0
9.0,8.0,0.17382741,7.93e-7,1.886e-12,262.0,12409.0
9.0,8.0,0.17500658,9.982e-6,7.557e-11,260.0,497204.0
9.0,9.0,0.17536334,9.291e-9,3.586e-12,260.0,23594.0
9.0,8.0,0.17561668,5.772e-6,1.946e-12,259.0,12803.0
9.0,9.0,0.17599895,2.071e-5,3.705e-12,259.0,24377.0
9.0,8.0,0.17605408,1.144e-6,7.883e-13,259.0,5187.0
9.0,8.0,0.17668468,7.237e-7,3.866e-12,258.0,25436.0
9.0,9.0,0.17704235,1.088e-5,4.835e-11,257.0,318113.0
9.0,9.0,0.17740321,4.255e-6,5.965e-12,257.0,39246.0
9.0,8.0,0.17764151,1.801e-6,2.348e-12,256.0,15448.0
9.0,8.0,0.17790669,0.0002167,6.767e-11,256.0,445227.0
9.0,9.0,0.1782721,1.641e-5,2.497e-12,256.0,16429.0
9.0,9.0,0.17847896,0.001094,4.141e-11,255.0,272452.0
9.0,8.0,0.17861474,5.131e-5,1.448e-11,255.0,95270.0
9.0,9.0,0.17871316,9.627e-5,6.122e-12,255.0,40279.0
9.0,8.0,0.17891136,3.858e-6,1.646e-12,255.0,10830.0
9.0,9.0,0.1791779,1.622e-5,3.958e-12,254.0,26041.0
9.0,8.0,0.18034933,4.942e-7,1.055e-12,253.0,6941.0
9.0,8.0,0.18065689,2.806e-6,3.054e-12,252.0,20093.0
9.0,9.0,0.18142007,2.286e-6,2.612e-12,251.0,17185.0
9.0,9.0,0.18205705,1.352e-5,1.823e-12,250.0,11994.0
9.0,8.0,0.18228213,2.367e-6,2.538e-12,250.0,16698.0
9.0,8.0,0.18313279,7.354e-7,1.447e-12,249.0,9520.0
9.0,8.0,0.18320752,0.0003536,6.459e-11,249.0,424963.0
9.0,9.0,0.18362123,0.002947,6.858e-11,248.0,451214.0
9.0,8.0,0.18479677,4.033e-7,1.131e-12,246.0,7441.0
9.0,9.0,0.18568935,2.782e-6,1.695e-12,245.0,11152.0
9.0,9.0,0.18605613,1.542e-5,2.141e-12,245.0,14086.0
9.0,8.0,0.18645982,3.961e-5,7.096e-12,244.0,46687.0
9.0,8.0,0.18712778,0.0002,6.467e-11,243.0,425489.0
9.0,9.0,0.18748363,0.0003255,5.506e-11,243.0,362261.0
9.0,8.0,0.18766452,1.809e-5,9.095e-12,243.0,59840.0
9.0,8.0,0.18982239,0.0002458,2.36e-11,240.0,155274.0
9.0,8.0,0.18999918,0.0001529,1.647e-11,240.0,108362.0
9.0,9.0,0.19033225,1.04e-6,6.087e-12,239.0,40049.0
9.0,9.0,0.1906038,7.547e-6,2.232e-12,239.0,14685.0
9.0,8.0,0.19159025,4.38e-6,1.793e-12,238.0,11797.0
9.0,9.0,0.19191056,0.000593,2.204e-11,237.0,145010.0
9.0,9.0,0.19203085,0.0001642,7.807e-12,237.0,51365.0
9.0,8.0,0.19251473,1.224e-7,2.177e-12,237.0,14323.0
9.0,8.0,0.19301729,9.619e-6,2.689e-11,236.0,176920.0
9.0,9.0,0.19304326,2.72e-5,4.253e-12,236.0,27982.0
9.0,9.0,0.19318177,0.001525,6.468e-11,236.0,425555.0
9.0,8.0,0.1939682,9.669e-7,7.327e-12,235.0,48207.0
9.0,8.0,0.19426709,7.37e-5,1.178e-10,234.0,775052.0
9.0,9.0,0.19600989,1.012e-5,1.454e-11,232.0,95664.0
9.0,8.0,0.19655391,1.732e-8,5.452e-12,232.0,35871.0
9.0,8.0,0.19733806,1.67e-5,1.316e-11,231.0,86585.0
9.0,8.0,0.19762009,0.0001077,9.08e-11,230.0,597408.0
9.0,8.0,0.19854913,1.207e-6,3.436e-12,229.0,22607.0
9.0,9.0,0.20111343,1.476e-9,8.185e-14,226.0,539.0
9.0,8.0,0.20217915,1.899e-6,8.8e-11,225.0,578986.0
9.0,8.0,0.20283754,2.702e-7,1.229e-11,225.0,80861.0
9.0,8.0,0.20393972,4.971e-6,4.268e-12,223.0,28081.0
9.0,9.0,0.20464413,0.0008919,7.057e-11,223.0,464307.0
9.0,8.0,0.20520866,0.0002733,7.2e-11,222.0,473716.0
9.0,9.0,0.20558182,3.606e-7,4.194e-12,222.0,27594.0
9.0,9.0,0.20711275,1.02e-5,2.06e-12,220.0,13554.0
9.0,8.0,0.20756883,1.959e-7,1.125e-12,219.0,7402.0
9.0,8.0,0.209123,2.972e-6,8.123e-11,218.0,534444.0
9.0,8.0,0.21028577,1.02e-7,2.087e-12,217.0,13731.0
9.0,9.0,0.21264777,1.776e-9,5.114e-12,214.0,33647.0
9.0,8.0,0.21324465,6.121e-5,1.236e-10,214.0,813212.0
9.0,9.0,0.2138634,7.387e-5,5.403e-11,213.0,355484.0
9.0,8.0,0.21410671,3.011e-6,6.434e-12,213.0,42332.0
9.0,8.0,0.21604406,1.2e-5,8.857e-11,211.0,582736.0
9.0,9.0,0.21618257,1.271e-8,4.067e-12,211.0,26758.0
9.0,8.0,0.21708518,4.015e-9,4.825e-12,210.0,31746.0
9.0,8.0,0.2194367,5.415e-7,5.929e-13,208.0,3901.0
9.0,8.0,0.22017665,1.344e-7,4.293e-12,207.0,28245.0
9.0,9.0,0.22063,2.859e-5,5.651e-11,206.0,371801.0
9.0,8.0,0.22085053,7.682e-5,7.952e-11,206.0,523193.0
9.0,8.0,0.22099178,0.0001779,8.948e-11,206.0,588723.0
9.0,9.0,0.22188254,1.999e-6,4.689e-11,205.0,308507.0
9.0,8.0,0.22196729,6.241e-7,4.882e-11,205.0,321206.0
9.0,8.0,0.2235137,9.835e-9,9.404e-13,204.0,6187.0
9.0,9.0,0.22477763,1.174e-6,4.741e-12,203.0,31193.0
9.0,9.0,0.22572079,3.942e-5,4.399e-11,202.0,289427.0
9.0,8.0,0.22575861,1.524e-7,1.367e-12,202.0,8994.0
9.0,9.0,0.22596182,1.875e-7,1.335e-12,202.0,8783.0
9.0,8.0,0.22744126,2.35e-8,1.08e-12,200.0,7106.0
9.0,8.0,0.23021788,4.708e-9,2.603e-12,198.0,17126.0
9.0,9.0,0.23096193,1.963e-5,3.664e-12,197.0,24107.0
9.0,9.0,0.23121253,0.000973,5.518e-11,197.0,363051.0
9.0,8.0,0.23218804,1.18e-6,2.815e-12,196.0,18521.0
9.0,9.0,0.23311981,8.125e-5,7.807e-11,195.0,513653.0
9.0,8.0,0.23359594,1.768e-7,6.256e-11,195.0,411606.0
9.0,8.0,0.2339486,0.0001995,1.062e-10,195.0,698731.0
9.0,8.0,0.23430537,2.586e-6,5.394e-12,194.0,35489.0
9.0,9.0,0.23703461,2.384e-7,6.157e-11,192.0,405093.0
9.0,8.0,0.23781465,7.289e-6,4.68e-11,192.0,307915.0
9.0,9.0,0.23819009,1.979e-7,1.596e-12,191.0,10501.0
9.0,8.0,0.23822335,6.759e-5,1.201e-10,191.0,790184.0
9.0,8.0,0.23894325,2.799e-8,2.929e-12,191.0,19271.0
9.0,9.0,0.23927677,1.792e-7,3.035e-12,190.0,19968.0
9.0,9.0,0.2415882,2.497e-7,6.331e-11,189.0,416541.0
9.0,8.0,0.2427651,1.438e-7,1.933e-12,188.0,12718.0
9.0,8.0,0.24361075,6.424e-9,2.373e-12,187.0,15613.0
9.0,9.0,0.24520957,2.853e-9,8.14e-12,186.0,53556.0
9.0,8.0,0.24682843,1.435e-6,1.276e-10,185.0,839530.0
9.0,8.0,0.24831926,2.254e-7,3.048e-12,183.0,20054.0
9.0,9.0,0.24842223,1.142e-7,7.747e-12,183.0,50971.0
9.0,8.0,0.24951439,4.152e-7,4.906e-12,183.0,32278.0
9.0,9.0,0.2498511,3.487e-10,8.659e-12,182.0,56971.0
9.0,8.0,0.25023474,1.725e-7,3.383e-12,182.0,22258.0
9.0,8.0,0.25114008,3.863e-6,8.233e-11,181.0,541681.0
9.0,8.0,0.25154195,1.954e-8,3.666e-12,181.0,24120.0
9.0,9.0,0.25255756,2.974e-8,4.302e-11,180.0,283045.0
9.0,9.0,0.25310249,6.898e-8,9.532e-12,180.0,62715.0
9.0,8.0,0.25314851,4.998e-7,2.9e-11,180.0,190802.0
9.0,9.0,0.25430309,3.639e-6,4.38e-11,179.0,288177.0
9.0,8.0,0.25464208,2.348e-8,3.807e-12,179.0,25048.0
9.0,9.0,0.25465028,1.94e-9,8.257e-12,179.0,54326.0
9.0,8.0,0.25519795,1.487e-7,7.474e-12,178.0,49174.0
9.0,8.0,0.25601672,1.636e-7,4.509e-12,178.0,29666.0
9.0,8.0,0.25834227,3.422e-9,2.676e-12,176.0,17606.0
9.0,9.0,0.25860699,1.147e-9,8.835e-12,176.0,58129.0
9.0,8.0,0.25988049,1.937e-8,3.007e-12,175.0,19784.0
9.0,8.0,0.26110933,6.728e-6,9.173e-11,174.0,603527.0
9.0,9.0,0.26199417,2.105e-12,5.754e-12,174.0,37858.0
9.0,9.0,0.26265802,2.026e-5,5.023e-11,173.0,330483.0
9.0,8.0,0.26277558,1.281e-6,2.587e-11,173.0,170209.0
9.0,9.0,0.26286443,1.643e-6,1.201e-11,173.0,79018.0
9.0,8.0,0.26301251,2.205e-6,5.071e-11,173.0,333641.0
9.0,8.0,0.26322802,1.747e-6,3.438e-11,173.0,226199.0
9.0,8.0,0.26377433,2.428e-8,5.581e-12,173.0,36720.0
9.0,8.0,0.26414293,1.669e-6,1.022e-10,172.0,672413.0
9.0,8.0,0.26452521,6.151e-9,5.677e-12,172.0,37351.0
9.0,8.0,0.26510933,1.304e-6,9.201e-11,172.0,605369.0
9.0,9.0,0.26558228,1.876e-6,1.097e-11,172.0,72176.0
9.0,9.0,0.26593585,9.494e-7,5.805e-11,171.0,381933.0
9.0,8.0,0.26645755,4.506e-8,2.388e-11,171.0,157116.0
9.0,8.0,0.26670313,6.862e-12,2.995e-11,171.0,197053.0
9.0,9.0,0.26679016,3.176e-8,5.543e-12,171.0,36470.0
9.0,8.0,0.2675538,1.093e-8,5.929e-12,170.0,39009.0
9.0,9.0,0.26796478,7.899e-8,7.016e-11,170.0,461610.0
9.0,8.0,0.26843545,1.228e-7,1.398e-10,170.0,919798.0
9.0,9.0,0.26852293,5.426e-7,6.971e-12,170.0,45865.0
9.0,8.0,0.27118383,4.384e-7,5.669e-12,168.0,37299.0
9.0,8.0,0.27189552,3.36e-8,3.051e-12,168.0,20074.0
9.0,9.0,0.27223679,3.571e-7,4.791e-12,167.0,31522.0
9.0,9.0,0.27332667,7.229e-6,6.52e-11,167.0,428976.0
9.0,8.0,0.2737504,3.803e-8,9.215e-11,166.0,606290.0
9.0,8.0,0.27381237,1.373e-10,1.786e-11,166.0,117508.0
9.0,8.0,0.275218,2.265e-5,2.699e-11,166.0,177578.0
9.0,9.0,0.27540982,5.348e-8,1.013e-11,165.0,66649.0
9.0,9.0,0.27610056,1.338e-6,3.655e-11,165.0,240477.0
9.0,8.0,0.2795825,8.135e-9,4.975e-12,163.0,32732.0
9.0,8.0,0.28161326,1.686e-5,1.092e-10,162.0,718469.0
9.0,8.0,0.28487696,1.142e-5,2.522e-11,160.0,165932.0
9.0,9.0,0.28487787,2.978e-7,3.174e-11,160.0,208830.0
9.0,9.0,0.28510249,9.045e-9,1.064e-11,160.0,70005.0
9.0,8.0,0.28552259,8.809e-8,2.67e-12,160.0,17567.0
9.0,9.0,0.28554628,4.997e-7,2.52e-11,160.0,165801.0
9.0,9.0,0.2872508,8.403e-8,5.075e-11,159.0,333904.0
9.0,8.0,0.28753694,5.623e-7,6.622e-12,158.0,43569.0
9.0,9.0,0.28940276,0.0001796,5.741e-11,157.0,377723.0
9.0,8.0,0.29036733,2.947e-5,6.058e-11,157.0,398579.0
9.0,9.0,0.29046301,4.09e-6,9.738e-12,157.0,64070.0
9.0,8.0,0.29094052,1.403e-6,5.584e-12,157.0,36739.0
9.0,8.0,0.29136243,9.474e-7,5.661e-12,156.0,37246.0
9.0,8.0,0.29245322,5.05e-6,1.41e-10,156.0,927693.0
9.0,9.0,0.2925448,2.731e-7,1.36e-11,156.0,89480.0
9.0,8.0,0.29292571,1.129e-7,1.214e-11,156.0,79874.0
9.0,9.0,0.29302504,2.023e-5,4.917e-11,155.0,323508.0
9.0,9.0,0.29327427,4.051e-9,1.169e-11,155.0,76913.0
9.0,8.0,0.29358091,7.608e-9,6.968e-12,155.0,45845.0
9.0,8.0,0.29469812,2.034e-8,1.505e-11,155.0,99020.0
9.0,8.0,0.29511411,2.86e-6,1.34e-10,154.0,881638.0
9.0,9.0,0.29559617,7.625e-8,9.455e-12,154.0,62208.0
9.0,8.0,0.29560118,4.308e-6,1.029e-10,154.0,677019.0
9.0,8.0,0.29801558,1.592e-5,8.325e-11,153.0,547734.0
9.0,9.0,0.2984981,8.232e-5,5.059e-11,153.0,332851.0
9.0,9.0,0.2988462,2.167e-5,1.775e-11,152.0,116784.0
9.0,8.0,0.30065096,1.143e-7,3.43e-12,152.0,22567.0
9.0,8.0,0.30104326,1.825e-6,2.629e-11,151.0,172972.0
9.0,8.0,0.30158683,6.465e-6,5.877e-11,151.0,386670.0
9.0,8.0,0.30508791,5.993e-9,0.0,149.0,0.0
9.0,8.0,0.30528201,7.134e-8,0.0,149.0,0.0
9.0,9.0,0.30659196,3.156e-9,0.0,149.0,0.0
9.0,8.0,0.30771008,3.206e-9,0.0,148.0,0.0
9.0,8.0,0.30926424,1.321e-8,0.0,147.0,0.0
9.0,8.0,0.3094793,1.867e-6,0.0,147.0,0.0
9.0,9.0,0.31075644,1.241e-5,0.0,147.0,0.0
9.0,8.0,0.31275439,3.488e-6,0.0,146.0,0.0
9.0,8.0,0.32137041,4.781e-10,0.0,142.0,0.0
9.0,8.0,0.32309361,4.109e-9,0.0,141.0,0.0
9.0,9.0,0.32396205,1.187e-11,0.0,141.0,0.0
9.0,8.0,0.32493027,2.639e-6,0.0,140.0,0.0
9.0,8.0,0.3354768,4.616e-10,0.0,136.0,0.0
9.0,9.0,0.33622221,4.985e-6,0.0,135.0,0.0
9.0,8.0,0.33679722,3.409e-6,0.0,135.0,0.0
9.0,8.0,0.33937701,2.754e-5,0.0,134.0,0.0
9.0,8.0,0.34384677,3.17e-5,0.0,132.0,0.0
9.0,9.0,0.35807254,5.659e-8,0.0,127.0,0.0
9.0,8.0,0.35845026,1.296e-7,0.0,127.0,0.0
9.0,8.0,0.36037849,4.203e-7,0.0,126.0,0.0
9.0,9.0,0.36303574,1.189e-9,0.0,125.0,0.0
9.0,8.0,0.36623155,1.052e-8,0.0,124.0,0.0
9.0,8.0,0.3671173,2.603e-6,0.0,124.0,0.0
9.0,8.0,0.37113644,7.283e-8,0.0,123.0,0.0
9.0,9.0,0.37263365,7.31e-9,0.0,122.0,0.0
9.0,8.0,0.37436141,3.839e-7,0.0,122.0,0.0
9.0,9.0,0.37626595,6.683e-5,0.0,121.0,0.0
9.0,9.0,0.37830992,3.378e-6,0.0,120.0,0.0
9.0,8.0,0.38187343,2.754e-5,0.0,119.0,0.0
9.0,8.0,0.38504645,1.01e-5,0.0,118.0,0.0
9.0,9.0,0.38987753,8.844e-9,0.0,117.0,0.0
9.0,8.0,0.39153922,1.355e-9,0.0,116.0,0.0
9.0,8.0,0.40299656,1.904e-7,0.0,113.0,0.0
9.0,8.0,0.40321162,3.886e-12,0.0,113.0,0.0
9.0,8.0,0.40558182,1.233e-9,0.0,112.0,0.0
9.0,8.0,0.40720888,9.22e-9,0.0,112.0,0.0
9.0,8.0,0.4092205,1.242e-7,0.0,111.0,0.0
9.0,8.0,0.41032906,5.183e-9,0.0,111.0,0.0
9.0,9.0,0.41135742,7.329e-10,0.0,111.0,0.0
9.0,9.0,0.41986955,1.706e-6,0.0,108.0,0.0
9.0,8.0,0.42174494,6.534e-7,0.0,108.0,0.0
9.0,8.0,0.42307128,3.778e-8,0.0,108.0,0.0
9.0,8.0,0.42526105,1.34e-8,0.0,107.0,0.0
9.0,8.0,0.4266922,1.519e-7,0.0,107.0,0.0
9.0,8.0,0.42818348,9.024e-8,0.0,106.0,0.0
9.0,8.0,0.42955038,3.257e-7,0.0,106.0,0.0
9.0,9.0,0.43064253,1.331e-8,0.0,106.0,0.0
9.0,9.0,0.43830081,4.012e-7,0.0,104.0,0.0
9.0,8.0,0.44335059,3.449e-7,0.0,103.0,0.0
9.0,8.0,0.44543784,4.167e-8,0.0,102.0,0.0
9.0,9.0,0.44636505,3.023e-8,0.0,102.0,0.0
9.0,8.0,0.45047395,1.098e-8,0.0,101.0,0.0
9.0,8.0,0.49803882,1.433e-7,0.0,91.0,0.0
9.0,8.0,0.5045006,1.233e-8,0.0,90.0,0.0
9.0,9.0,0.507675,1.739e-7,0.0,90.0,0.0
9.0,8.0,0.51539888,3.826e-7,0.0,88.0,0.0
9.0,10.0,0.022630003,9.245e-5,1.481e-12,2013.0,9744.0
9.0,10.0,0.028714113,0.0002939,3.273e-12,1586.0,21534.0
9.0,10.0,0.040966898,0.08291,3.51e-13,1112.0,2309.0
9.0,10.0,0.046866705,0.0002688,1.768e-12,972.0,11632.0
9.0,10.0,0.078341816,2.638e-5,1.033e-15,581.0,7.0
9.0,10.0,0.11114327,4.616e-6,2.458e-12,410.0,16172.0
9.0,10.0,0.1143687,7.448e-6,8.168e-13,398.0,5374.0
9.0,10.0,0.1256046,6.054e-6,2.08e-13,363.0,1369.0
9.0,10.0,0.13285099,1.38e-5,1.268e-12,343.0,8343.0
9.0,10.0,0.13966452,7.485e-8,1.731e-12,326.0,11389.0
9.0,10.0,0.14371145,1.358e-5,2.281e-12,317.0,15008.0
9.0,10.0,0.14737246,0.0006134,2.868e-12,309.0,18870.0
9.0,10.0,0.15027256,0.04569,8.211e-11,303.0,540233.0
9.0,10.0,0.15506172,4.957e-5,2.293e-11,294.0,150865.0
9.0,10.0,0.15821424,8.588e-6,1.592e-12,288.0,10474.0
9.0,10.0,0.15973241,1.31e-6,1.277e-12,285.0,8402.0
9.0,10.0,0.16262704,2.639e-7,9.74e-13,280.0,6408.0
9.0,10.0,0.16305169,0.003986,1.843e-11,279.0,121258.0
9.0,10.0,0.16615409,0.00434,1.831e-11,274.0,120469.0
9.0,10.0,0.16620376,0.004902,2.409e-11,274.0,158497.0
9.0,10.0,0.16872022,0.004776,4.161e-11,270.0,273768.0
9.0,10.0,0.16914031,3.446e-5,1.629e-12,269.0,10718.0
9.0,10.0,0.17071498,7.245e-5,3.986e-13,267.0,2623.0
9.0,10.0,0.17229238,3.125e-7,4.89e-12,264.0,32173.0
9.0,10.0,0.17325376,2.094e-6,9.105e-13,263.0,5991.0
9.0,10.0,0.17481522,5.004e-6,7.627e-13,261.0,5018.0
9.0,10.0,0.17604953,9.132e-9,2.716e-12,259.0,17870.0
9.0,10.0,0.1780657,4.185e-6,1.816e-12,256.0,11948.0
9.0,10.0,0.17821105,1.088e-5,1.023e-12,256.0,6731.0
9.0,10.0,0.17869675,0.00199,2.344e-11,255.0,154221.0
9.0,10.0,0.18062089,9.808e-7,1.758e-12,252.0,11567.0
9.0,10.0,0.18262978,0.0005512,1.514e-11,249.0,99612.0
9.0,10.0,0.18305169,3.53e-5,1.179e-12,249.0,7757.0
9.0,10.0,0.18699155,5.103e-5,1.311e-12,244.0,8626.0
9.0,10.0,0.19114054,0.001601,2.479e-11,238.0,163103.0
9.0,10.0,0.19136152,0.001157,1.975e-11,238.0,129943.0
9.0,10.0,0.19363923,4.642e-5,4.368e-12,235.0,28739.0
9.0,10.0,0.20322073,7.759e-9,9.244e-13,224.0,6082.0
9.0,10.0,0.20371509,0.0002115,2.119e-11,224.0,139417.0
9.0,10.0,0.20431425,6.341e-7,2.977e-12,223.0,19587.0
9.0,10.0,0.21529272,1.433e-9,2.926e-12,212.0,19251.0
9.0,10.0,0.21708974,8.948e-9,1.648e-12,210.0,10843.0
9.0,10.0,0.22581556,3.916e-6,1.753e-11,202.0,115337.0
9.0,10.0,0.22691136,8.072e-7,2.685e-12,201.0,17666.0
9.0,10.0,0.22819305,5.854e-5,9.778e-11,200.0,643332.0
9.0,10.0,0.2332082,9.989e-6,2.149e-11,195.0,141391.0
9.0,10.0,0.23915466,1.991e-5,4.789e-11,190.0,315087.0
9.0,10.0,0.24424226,1.054e-5,6.655e-11,187.0,437858.0
9.0,10.0,0.24506422,1.386e-6,4.322e-12,186.0,28436.0
9.0,10.0,0.25241267,3.932e-6,4.382e-12,180.0,28831.0
9.0,10.0,0.2539158,3.812e-7,1.726e-11,179.0,113560.0
9.0,10.0,0.25853364,3.234e-6,9.846e-12,176.0,64781.0
9.0,10.0,0.26010648,2.279e-7,3.412e-12,175.0,22449.0
9.0,10.0,0.26125194,7.985e-10,3.251e-12,174.0,21390.0
9.0,10.0,0.26345219,1.564e-7,3.774e-12,173.0,24831.0
9.0,10.0,0.26390418,2.863e-6,2.213e-11,173.0,145602.0
9.0,10.0,0.26681112,8.853e-8,1.04e-10,171.0,684256.0
9.0,10.0,0.26773195,2.226e-8,2.627e-11,170.0,172840.0
9.0,10.0,0.26936585,3.484e-9,4.85e-11,169.0,319100.0
9.0,10.0,0.27704417,1.821e-6,1.05e-10,164.0,690836.0
9.0,10.0,0.28006821,5.217e-9,3.262e-12,163.0,21462.0
9.0,10.0,0.28543875,1.027e-6,3.413e-12,160.0,22455.0
9.0,10.0,0.28645253,0.0001586,1.337e-11,159.0,87966.0
9.0,10.0,0.28650767,0.0001064,1.065e-11,159.0,70070.0
9.0,10.0,0.29166816,7.766e-7,6.594e-11,156.0,433845.0
9.0,10.0,0.29412038,4.796e-7,8.115e-12,155.0,53392.0
9.0,10.0,0.29628099,8.334e-5,1.702e-11,154.0,111981.0
9.0,10.0,0.29974152,7.994e-9,9.593e-12,152.0,63116.0
9.0,10.0,0.36324397,2.796e-8,0.0,125.0,0.0
9.0,10.0,0.36959367,1.925e-10,0.0,123.0,0.0
9.0,10.0,0.37750254,5.943e-8,0.0,121.0,0.0
9.0,10.0,0.44054252,6.126e-8,0.0,103.0,0.0
9.0,9.0,0.077752045,0.001278,4.928e-10,586.0,3.242321e6
9.0,8.0,0.079661009,0.002435,4.833e-10,572.0,3.179817e6
9.0,8.0,0.08707584,0.05827,1.249e-10,523.0,821765.0
9.0,8.0,0.097622372,0.0005954,4.243e-10,467.0,2.791633e6
9.0,9.0,0.1058054,1.617e-5,5.727e-10,431.0,3.768014e6
9.0,8.0,0.10600164,5.626e-5,3.758e-10,430.0,2.472533e6
9.0,10.0,0.1066614,0.0001194,5.212e-10,427.0,3.429176e6
9.0,10.0,0.10712678,0.01406,6.131e-10,425.0,4.033821e6
9.0,9.0,0.10692967,0.005405,2.91e-10,426.0,1.914601e6
9.0,8.0,0.10864089,0.001041,1.051e-10,419.0,691493.0
9.0,8.0,0.10988254,0.002292,2.238e-11,415.0,147247.0
9.0,9.0,0.1098953,0.002421,3.129e-11,414.0,205869.0
9.0,8.0,0.11048169,0.001411,2.401e-11,412.0,157971.0
9.0,9.0,0.11057464,0.009406,1.448e-10,412.0,952695.0
9.0,10.0,0.1108544,0.0279,4.192e-10,411.0,2.758078e6
9.0,8.0,0.12566064,6.405e-6,9.086e-11,362.0,597803.0
9.0,9.0,0.12577729,4.994e-5,2.956e-10,362.0,1.944866e6
9.0,10.0,0.12624021,0.0001599,7.409e-10,361.0,4.874667e6
9.0,9.0,0.1265915,4.795e-6,2.898e-11,360.0,190671.0
9.0,8.0,0.1266275,1.425e-6,5.643e-12,360.0,37127.0
9.0,8.0,0.12776612,4.035e-8,2.95e-14,357.0,194.0
9.0,8.0,0.12863274,6.328e-8,8.583e-14,354.0,565.0
9.0,9.0,0.12888652,4.063e-9,4.814e-13,353.0,3167.0
9.0,8.0,0.14006183,8.372e-8,9.901e-15,325.0,65.0
9.0,8.0,0.14043545,4.527e-8,5.756e-15,324.0,38.0
9.0,9.0,0.14052794,2.826e-8,1.201e-14,324.0,79.0
9.0,8.0,0.14174266,8.366e-9,2.584e-16,321.0,2.0
9.0,8.0,0.1513925,3.645e-9,1.605e-15,301.0,11.0
9.0,9.0,0.16577273,2.35e-7,4.531e-10,275.0,2.98112e6
9.0,8.0,0.16642474,1.15e-10,4.305e-14,274.0,283.0
9.0,8.0,0.16661747,4.075e-7,5.004e-10,273.0,3.292325e6
9.0,8.0,0.17359549,1.368e-6,1.233e-10,262.0,811238.0
9.0,8.0,0.18472022,1.297e-7,4.242e-10,247.0,2.790975e6
9.0,8.0,0.19187912,1.725e-9,5.229e-13,237.0,3440.0
9.0,9.0,0.19221902,1.025e-8,4.139e-13,237.0,2723.0
9.0,8.0,0.1929936,2.03e-7,1.527e-11,236.0,100467.0
9.0,10.0,0.19393813,2.384e-8,6.09e-10,235.0,4.006846e6
9.0,9.0,0.19400601,1.081e-7,5.34e-10,235.0,3.513392e6
9.0,8.0,0.19412175,2.683e-7,3.261e-10,235.0,2.145538e6
9.0,10.0,0.19458193,3.48e-8,5.783e-10,234.0,3.804859e6
9.0,9.0,0.19485759,1.362e-7,3.271e-10,234.0,2.152117e6
9.0,8.0,0.19524442,9.081e-8,9.512e-11,233.0,625831.0
9.0,9.0,0.1953638,2.609e-10,2.852e-11,233.0,187644.0
9.0,10.0,0.19554788,6.914e-7,4.743e-10,233.0,3.120603e6
9.0,8.0,0.19583902,3.939e-8,3.677e-11,233.0,241924.0
9.0,8.0,0.19620034,2.613e-7,4.055e-13,232.0,2668.0
9.0,9.0,0.19643818,4.077e-8,3.866e-10,232.0,2.543591e6
9.0,10.0,0.19656849,1.07e-6,3.46e-10,232.0,2.276467e6
9.0,9.0,0.19667101,2.245e-7,1.467e-10,232.0,965196.0
9.0,8.0,0.19689746,4.277e-10,3.694e-11,231.0,243043.0
9.0,8.0,0.19741734,3.183e-8,5.543e-10,231.0,3.646954e6
9.0,8.0,0.19997936,7.088e-8,3.79e-13,228.0,2494.0
9.0,9.0,0.20344809,9.443e-6,1.25e-10,224.0,822423.0
9.0,8.0,0.212476,1.363e-9,3.099e-12,214.0,20390.0
9.0,9.0,0.21266691,1.679e-8,1.034e-10,214.0,680308.0
9.0,8.0,0.21285828,2.008e-8,3.333e-11,214.0,219291.0
9.0,10.0,0.21313484,8.738e-8,7.338e-10,214.0,4.827953e6
9.0,9.0,0.21322779,4.124e-8,2.149e-10,214.0,1.41391e6
9.0,8.0,0.2134793,3.343e-8,5.629e-11,213.0,370354.0
9.0,9.0,0.21432359,1.506e-9,7.507e-12,213.0,49391.0
9.0,8.0,0.21444297,1.899e-10,3.736e-12,212.0,24581.0
9.0,8.0,0.21557157,2.316e-10,1.221e-13,211.0,803.0
9.0,9.0,0.2163261,1.694e-7,4.068e-10,211.0,2.676494e6
9.0,8.0,0.21635343,1.003e-8,4.85e-10,211.0,3.191002e6
9.0,8.0,0.21677216,2.311e-8,7.957e-13,210.0,5235.0
9.0,9.0,0.21716401,7.151e-9,9.168e-14,210.0,603.0
9.0,8.0,0.21756724,1.531e-8,1.84e-13,209.0,1211.0
9.0,10.0,0.2191009,1.245e-7,4.063e-10,208.0,2.673204e6
9.0,8.0,0.21997663,2.405e-8,1.073e-13,207.0,706.0
9.0,9.0,0.22014111,1.111e-9,3.545e-10,207.0,2.332392e6
9.0,8.0,0.22327313,4.416e-7,1.278e-10,204.0,840845.0
9.0,8.0,0.22344399,3.388e-8,9.014e-10,204.0,5.930658e6
9.0,10.0,0.22391466,4.122e-8,2.654e-10,203.0,1.746169e6
9.0,9.0,0.22393744,7.949e-10,5.237e-10,203.0,3.445624e6
9.0,10.0,0.22472022,4.52e-8,4.877e-10,203.0,3.208766e6
9.0,10.0,0.22508427,4.331e-7,6.425e-10,202.0,4.227255e6
9.0,9.0,0.22518314,5.933e-9,4.945e-10,202.0,3.253506e6
9.0,8.0,0.2253089,3.723e-8,3.314e-10,202.0,2.180408e6
9.0,9.0,0.22584108,4.575e-7,3.624e-10,202.0,2.384369e6
9.0,10.0,0.22610398,4.047e-6,1.431e-10,201.0,941510.0
9.0,8.0,0.22641107,8.796e-7,1.298e-10,201.0,854004.0
9.0,10.0,0.22666668,1.161e-6,1.997e-10,201.0,1.313903e6
9.0,8.0,0.22668673,2.511e-8,4.913e-10,201.0,3.232452e6
9.0,9.0,0.22687172,1.181e-7,4.024e-10,201.0,2.647545e6
9.0,9.0,0.2269715,2.844e-6,2.079e-10,201.0,1.367854e6
9.0,8.0,0.22699656,1.046e-6,1.078e-10,201.0,709258.0
9.0,8.0,0.22720524,6.356e-8,8.903e-12,200.0,58576.0
9.0,8.0,0.22835571,4.097e-9,1.173e-12,199.0,7718.0
9.0,9.0,0.22846415,1.31e-9,4.866e-13,199.0,3202.0
9.0,8.0,0.2290223,2.127e-9,9.167e-13,199.0,6031.0
9.0,8.0,0.22922506,5.428e-7,3.717e-10,199.0,2.445558e6
9.0,8.0,0.23141483,1.276e-8,4.042e-10,197.0,2.659388e6
9.0,8.0,0.23368844,1.09e-6,1.381e-10,195.0,908613.0
9.0,10.0,0.23812721,6.015e-9,4.822e-10,191.0,3.17258e6
9.0,9.0,0.23827985,2.082e-10,3.741e-10,191.0,2.461348e6
9.0,8.0,0.23845162,7.822e-9,5.748e-10,191.0,3.781831e6
9.0,9.0,0.24391922,6.75e-10,4.81e-11,187.0,316468.0
9.0,10.0,0.2440714,8.942e-9,7.734e-10,187.0,5.088497e6
9.0,8.0,0.24453295,6.89e-10,3.602e-11,186.0,236989.0
9.0,9.0,0.24462955,7.21e-11,4.176e-10,186.0,2.747551e6
9.0,10.0,0.24492799,1.911e-8,4.432e-10,186.0,2.915984e6
9.0,8.0,0.24495988,1.571e-8,3.25e-10,186.0,2.1383e6
9.0,9.0,0.24517448,1.78e-7,1.223e-10,186.0,804659.0
9.0,9.0,0.24528201,3.543e-8,4.029e-10,186.0,2.650835e6
9.0,8.0,0.24535902,5.25e-9,9.266e-11,186.0,609646.0
9.0,10.0,0.24569208,2.454e-7,2.55e-10,185.0,1.677743e6
9.0,9.0,0.24608028,1.345e-7,4.719e-12,185.0,31048.0
9.0,9.0,0.2462352,1.337e-7,1.205e-10,185.0,792816.0
9.0,10.0,0.24631721,7.605e-9,4.922e-12,185.0,32384.0
9.0,8.0,0.24665802,3.323e-8,3.532e-11,185.0,232384.0
9.0,8.0,0.24740663,6.607e-9,7.629e-10,184.0,5.019413e6
9.0,9.0,0.24802492,1.703e-7,4.814e-10,184.0,3.167316e6
9.0,10.0,0.24807049,1.605e-10,1.833e-10,184.0,1.206001e6
9.0,10.0,0.24881545,3.213e-8,3.35e-10,183.0,2.204094e6
9.0,8.0,0.24882638,1.113e-6,3.814e-10,183.0,2.509378e6
9.0,9.0,0.24925012,3.019e-7,3.186e-10,183.0,2.096192e6
9.0,9.0,0.24968844,3.434e-7,3.204e-10,182.0,2.108035e6
9.0,8.0,0.24980462,9.952e-8,3.001e-10,182.0,1.974474e6
9.0,10.0,0.24990896,3.201e-7,9.321e-11,182.0,613265.0
9.0,8.0,0.25164401,1.895e-10,2.69e-13,181.0,1770.0
9.0,9.0,0.25397184,1.164e-9,2.506e-11,179.0,164879.0
9.0,10.0,0.254381,8.717e-9,8.057e-10,179.0,5.301011e6
9.0,8.0,0.25481704,1.062e-9,2.676e-11,179.0,176064.0
9.0,9.0,0.25514373,7.166e-14,4.081e-10,179.0,2.685047e6
9.0,8.0,0.25528406,3.647e-9,2.757e-10,178.0,1.813937e6
9.0,10.0,0.25549867,3.297e-8,4.221e-10,178.0,2.777159e6
9.0,8.0,0.25587365,1.031e-9,1.311e-10,178.0,862557.0
9.0,9.0,0.25592742,4.99e-9,4.311e-10,178.0,2.836373e6
9.0,10.0,0.25598619,4.659e-7,2.643e-10,178.0,1.738932e6
9.0,9.0,0.25672933,2.361e-7,1.346e-10,177.0,885585.0
9.0,8.0,0.25712072,3.649e-8,4.146e-11,177.0,272781.0
9.0,8.0,0.2571599,3.478e-10,2.424e-12,177.0,15948.0
9.0,9.0,0.25734763,9.004e-8,1.79e-10,177.0,1.17771e6
9.0,8.0,0.25740093,1.093e-7,7.758e-11,177.0,510429.0
9.0,10.0,0.25761098,3.157e-7,6.698e-10,177.0,4.406873e6
9.0,9.0,0.25793721,7.37e-8,1.15e-10,177.0,756629.0
9.0,8.0,0.25833635,3.079e-9,1.231e-11,176.0,80992.0
9.0,9.0,0.25843294,8.589e-9,1.562e-11,176.0,102770.0
9.0,8.0,0.25881613,1.756e-10,2.234e-12,176.0,14698.0
9.0,8.0,0.25909452,3.556e-11,4.223e-12,176.0,27785.0
9.0,9.0,0.25954833,1.279e-8,8.635e-11,176.0,568130.0
9.0,10.0,0.25960255,4.118e-8,7.009e-10,175.0,4.611491e6
9.0,8.0,0.25998802,2.907e-10,1.505e-11,175.0,99020.0
9.0,9.0,0.26006958,3.309e-9,1.63e-10,175.0,1.07244e6
9.0,8.0,0.26030878,3.147e-9,4.852e-11,175.0,319232.0
9.0,9.0,0.26038396,4.005e-9,6.338e-11,175.0,417001.0
9.0,8.0,0.26087878,1.445e-9,3.118e-11,175.0,205145.0
9.0,8.0,0.26120638,1.388e-10,4.827e-10,174.0,3.175869e6
9.0,9.0,0.2618265,9.69e-11,3.813e-10,174.0,2.50872e6
9.0,8.0,0.26318291,1.949e-12,8.889e-13,173.0,5848.0
9.0,8.0,0.26416981,2.642e-9,3.185e-12,172.0,20955.0
9.0,9.0,0.26425684,1.394e-9,4.026e-12,172.0,26489.0
9.0,8.0,0.26459948,9.99e-11,8.48e-13,172.0,5579.0
9.0,10.0,0.26560141,2.408e-10,8.699e-10,172.0,5.723408e6
9.0,8.0,0.26587206,3.73e-10,2.447e-11,171.0,160998.0
9.0,8.0,0.26613587,8.918e-12,8.848e-10,171.0,5.82144e6
9.0,10.0,0.26679836,6.499e-10,3.149e-10,171.0,2.071849e6
9.0,9.0,0.26680246,5.583e-9,5.238e-10,171.0,3.446282e6
9.0,9.0,0.26691728,8.294e-10,4.657e-10,171.0,3.06402e6
9.0,8.0,0.26723896,1.278e-9,3.162e-10,170.0,2.080402e6
9.0,10.0,0.26734193,5.901e-11,2.675e-10,170.0,1.759986e6
9.0,9.0,0.26750049,7.667e-10,4.29e-10,170.0,2.822556e6
9.0,8.0,0.26761759,1.326e-12,1.234e-10,170.0,811896.0
9.0,8.0,0.26826094,2.095e-9,1.387e-10,170.0,912561.0
9.0,10.0,0.26843044,3.562e-8,1.449e-10,170.0,953353.0
9.0,8.0,0.26856485,3.354e-8,1.155e-10,170.0,759919.0
9.0,9.0,0.26874027,6.268e-8,1.737e-10,169.0,1.142839e6
9.0,8.0,0.280666,5.715e-9,3.774e-10,162.0,2.48306e6
9.0,8.0,0.2874162,1.965e-10,2.435e-13,158.0,1602.0
9.0,9.0,0.28781715,5.14e-11,1.652e-13,158.0,1087.0
9.0,9.0,0.2880395,2.756e-12,1.696e-11,158.0,111586.0
9.0,8.0,0.28814977,3.16e-10,1.929e-13,158.0,1269.0
9.0,10.0,0.28883458,6.732e-11,7.833e-10,158.0,5.153633e6
9.0,8.0,0.28907607,1.737e-12,8.255e-12,158.0,54313.0
9.0,8.0,0.28957954,1.1e-10,3.409e-13,157.0,2243.0
9.0,9.0,0.28981465,1.56e-11,3.59e-10,157.0,2.361999e6
9.0,8.0,0.29012357,2.459e-11,8.752e-11,157.0,575828.0
9.0,10.0,0.29017733,5.391e-10,3.34e-10,157.0,2.197515e6
9.0,9.0,0.29074505,5.965e-11,4.469e-10,157.0,2.940327e6
9.0,10.0,0.29077102,8.976e-11,3.447e-10,157.0,2.267914e6
9.0,8.0,0.29089359,1.352e-12,3.323e-10,157.0,2.18633e6
9.0,9.0,0.29143442,2.181e-11,1.655e-10,156.0,1.088888e6
9.0,8.0,0.29175519,3.855e-11,4.369e-11,156.0,287453.0
9.0,8.0,0.29780645,8.293e-11,2.728e-13,153.0,1795.0
9.0,9.0,0.30027096,7.307e-7,3.5e-10,152.0,2.302785e6
9.0,8.0,0.30112938,2.163e-7,4.29e-10,151.0,2.822556e6
9.0,8.0,0.30632951,1.888e-10,0.0,149.0,0.0
9.0,8.0,0.30807504,7.101e-6,0.0,148.0,0.0
9.0,8.0,0.30829284,1.041e-8,0.0,148.0,0.0
9.0,9.0,0.30842451,4.789e-10,0.0,148.0,0.0
9.0,10.0,0.30881499,4.92e-9,0.0,148.0,0.0
9.0,8.0,0.30906741,1.161e-10,0.0,147.0,0.0
9.0,9.0,0.30948158,3.715e-9,0.0,147.0,0.0
9.0,8.0,0.30972352,1.654e-10,0.0,147.0,0.0
9.0,9.0,0.31008848,4.15e-13,0.0,147.0,0.0
9.0,8.0,0.31078424,6.055e-9,0.0,147.0,0.0
9.0,10.0,0.3110157,5.864e-11,0.0,146.0,0.0
9.0,9.0,0.31103529,4.831e-12,0.0,146.0,0.0
9.0,8.0,0.31311662,2.346e-7,0.0,145.0,0.0
9.0,8.0,0.31706194,5.805e-10,0.0,144.0,0.0
9.0,9.0,0.31737451,7.278e-11,0.0,144.0,0.0
9.0,8.0,0.31755585,2.307e-12,0.0,143.0,0.0
9.0,10.0,0.31796865,8.227e-11,0.0,143.0,0.0
9.0,8.0,0.31930776,1.265e-10,0.0,143.0,0.0
9.0,8.0,0.32495305,4.977e-11,0.0,140.0,0.0
9.0,10.0,0.32822905,3.146e-7,0.0,139.0,0.0
9.0,8.0,0.32850835,6.986e-8,0.0,139.0,0.0
9.0,9.0,0.32866737,8.857e-8,0.0,139.0,0.0
9.0,10.0,0.32917312,7.274e-7,0.0,138.0,0.0
9.0,9.0,0.32930707,4.438e-8,0.0,138.0,0.0
9.0,8.0,0.32994952,3.569e-8,0.0,138.0,0.0
9.0,9.0,0.32998688,4.057e-7,0.0,138.0,0.0
9.0,10.0,0.33067306,2.227e-6,0.0,138.0,0.0
9.0,8.0,0.33076373,7.819e-8,0.0,138.0,0.0
9.0,9.0,0.33148819,1.059e-6,0.0,137.0,0.0
9.0,8.0,0.33153421,1.748e-7,0.0,137.0,0.0
9.0,8.0,0.33172056,4.426e-8,0.0,137.0,0.0
9.0,9.0,0.33179255,2.156e-8,0.0,137.0,0.0
9.0,8.0,0.33243909,5.553e-9,0.0,137.0,0.0
9.0,8.0,0.33379323,2.927e-10,0.0,136.0,0.0
9.0,9.0,0.33814635,1.757e-8,0.0,135.0,0.0
9.0,8.0,0.33827757,3.575e-11,0.0,135.0,0.0
9.0,9.0,0.33883754,1.048e-12,0.0,134.0,0.0
9.0,8.0,0.33908313,6.39e-12,0.0,134.0,0.0
9.0,10.0,0.33952555,7.596e-12,0.0,134.0,0.0
9.0,10.0,0.33971919,7.147e-11,0.0,134.0,0.0
9.0,9.0,0.33988413,1.835e-11,0.0,134.0,0.0
9.0,8.0,0.33999166,1.471e-8,0.0,134.0,0.0
9.0,8.0,0.34007276,7.346e-11,0.0,134.0,0.0
9.0,8.0,0.34036984,4.602e-14,0.0,134.0,0.0
9.0,9.0,0.34042998,2.302e-11,0.0,134.0,0.0
9.0,10.0,0.34051245,1.417e-10,0.0,134.0,0.0
9.0,8.0,0.34053933,2.355e-10,0.0,134.0,0.0
9.0,9.0,0.34065142,2.197e-9,0.0,134.0,0.0
9.0,10.0,0.34114441,6.023e-8,0.0,134.0,0.0
9.0,9.0,0.34137679,2.695e-10,0.0,133.0,0.0
9.0,8.0,0.34138043,1.023e-9,0.0,133.0,0.0
9.0,8.0,0.34176544,3.381e-10,0.0,133.0,0.0
9.0,9.0,0.3418192,1.632e-8,0.0,133.0,0.0
9.0,10.0,0.34184837,1.796e-9,0.0,133.0,0.0
9.0,9.0,0.34207755,5.499e-9,0.0,133.0,0.0
9.0,8.0,0.34247167,4.526e-11,0.0,133.0,0.0
9.0,8.0,0.34312277,4.409e-17,0.0,133.0,0.0
9.0,9.0,0.34362169,9.926e-10,0.0,133.0,0.0
9.0,8.0,0.34368548,2.984e-10,0.0,133.0,0.0
9.0,8.0,0.34453386,2.004e-10,0.0,132.0,0.0
9.0,8.0,0.34530252,1.216e-7,0.0,132.0,0.0
9.0,8.0,0.34739752,1.006e-11,0.0,131.0,0.0
9.0,9.0,0.36583333,1.202e-10,0.0,125.0,0.0
9.0,10.0,0.36589621,7.89e-10,0.0,124.0,0.0
9.0,8.0,0.36668627,1.173e-9,0.0,124.0,0.0
9.0,9.0,0.36669037,7.584e-10,0.0,124.0,0.0
9.0,8.0,0.36682934,6.279e-10,0.0,124.0,0.0
9.0,10.0,0.36688994,2.32e-10,0.0,124.0,0.0
9.0,9.0,0.36714418,3.528e-9,0.0,124.0,0.0
9.0,8.0,0.36733008,1.875e-10,0.0,124.0,0.0
9.0,10.0,0.36755608,4.685e-8,0.0,124.0,0.0
9.0,10.0,0.36797754,5.749e-9,0.0,124.0,0.0
9.0,9.0,0.36799348,2.325e-9,0.0,124.0,0.0
9.0,9.0,0.36836164,1.765e-8,0.0,124.0,0.0
9.0,8.0,0.3685448,2.512e-9,0.0,124.0,0.0
9.0,8.0,0.36876715,9.363e-10,0.0,124.0,0.0
9.0,9.0,0.36886967,3.312e-9,0.0,123.0,0.0
9.0,8.0,0.36903461,1.613e-11,0.0,123.0,0.0
9.0,8.0,0.3696816,7.629e-10,0.0,123.0,0.0
9.0,9.0,0.37016913,8.444e-10,0.0,123.0,0.0
9.0,8.0,0.37110272,6.638e-10,0.0,123.0,0.0
9.0,8.0,0.37277854,1.456e-11,0.0,122.0,0.0
9.0,9.0,0.37333122,4.615e-11,0.0,122.0,0.0
9.0,8.0,0.37399235,3.65e-12,0.0,122.0,0.0
9.0,8.0,0.37435822,3.284e-10,0.0,122.0,0.0
9.0,8.0,0.37813815,1.31e-11,0.0,120.0,0.0
9.0,8.0,0.38068924,1.18e-12,0.0,120.0,0.0
9.0,8.0,0.3998085,3.139e-12,0.0,114.0,0.0
9.0,8.0,0.40025092,1.862e-12,0.0,114.0,0.0
9.0,9.0,0.40026504,1.414e-12,0.0,114.0,0.0
9.0,8.0,0.40147292,1.613e-11,0.0,113.0,0.0
9.0,8.0,0.44985839,8.376e-13,0.0,101.0,0.0
9.0,9.0,0.47520023,2.234e-11,0.0,96.0,0.0
9.0,8.0,0.47558114,5.359e-14,0.0,96.0,0.0
9.0,8.0,0.47705329,2.249e-10,0.0,95.0,0.0
9.0,8.0,0.47766566,4.836e-11,0.0,95.0,0.0
9.0,8.0,0.49287923,1.018e-13,0.0,92.0,0.0
9.0,9.0,0.49321412,3.603e-12,0.0,92.0,0.0
9.0,8.0,0.49355357,9.932e-12,0.0,92.0,0.0
9.0,8.0,0.49452908,1.215e-11,0.0,92.0,0.0
9.0,8.0,0.49498654,2.965e-11,0.0,92.0,0.0
9.0,8.0,0.043446999,0.00619,6.871e-13,1048.0,4521.0
9.0,8.0,0.05285217,0.0475,1.032e-12,862.0,6790.0
9.0,8.0,0.05856503,0.3175,3.093e-12,778.0,20350.0
9.0,8.0,0.063283609,0.008015,3.123e-12,720.0,20547.0
9.0,8.0,0.065615081,0.2261,3.228e-12,694.0,21238.0
9.0,8.0,0.068543752,0.2427,5.648e-12,665.0,37160.0
9.0,8.0,0.070912268,0.1015,4.654e-11,642.0,306205.0
9.0,8.0,0.071550154,0.06567,2.918e-12,637.0,19199.0
9.0,8.0,0.074188723,0.02202,1.635e-12,614.0,10757.0
9.0,8.0,0.07793243,0.011,2.322e-12,584.0,15277.0
9.0,8.0,0.078568675,0.002778,6.539e-12,580.0,43023.0
9.0,8.0,0.080033033,0.1063,3.719e-12,569.0,24469.0
9.0,8.0,0.080818499,0.01377,8.366e-13,564.0,5504.0
9.0,8.0,0.081891195,1.463,3.085e-11,556.0,202974.0
9.0,8.0,0.085642784,0.04259,3.013e-12,532.0,19824.0
9.0,8.0,0.08626372,0.2327,8.036e-12,528.0,52872.0
9.0,8.0,0.087388495,0.1444,5.315e-11,521.0,349694.0
9.0,8.0,0.088595694,0.007896,1.484e-11,514.0,97638.0
9.0,8.0,0.089988381,0.01123,1.983e-10,506.0,1.304692e6
9.0,8.0,0.090717075,0.04672,8.985e-11,502.0,591158.0
9.0,8.0,0.091830368,0.03991,4.902e-12,496.0,32252.0
9.0,8.0,0.093018203,0.7033,2.188e-11,490.0,143957.0
9.0,8.0,0.094959563,0.03516,3.005e-11,480.0,197711.0
9.0,8.0,0.095821255,0.01802,1.839e-11,475.0,120995.0
9.0,8.0,0.096507666,0.05464,4.456e-12,472.0,29318.0
9.0,8.0,0.097599134,0.02724,3.998e-11,467.0,263044.0
9.0,8.0,0.099114706,3.993e-5,5.584e-11,460.0,367393.0
9.0,8.0,0.099699647,0.008489,8.466e-11,457.0,557011.0
9.0,8.0,0.10093947,0.06203,4.962e-10,451.0,3.264691e6
9.0,8.0,0.10225679,0.03737,2.048e-10,445.0,1.347458e6
9.0,8.0,0.10356369,0.1127,2.833e-11,440.0,186394.0
9.0,8.0,0.10451108,0.06239,6.487e-10,436.0,4.268048e6
9.0,8.0,0.10526716,0.009187,2.248e-10,433.0,1.479046e6
9.0,8.0,0.10621465,0.04551,3.754e-11,429.0,246990.0
9.0,8.0,0.10749078,0.5335,5.404e-11,424.0,355550.0
9.0,8.0,0.10776038,0.02322,6.066e-10,423.0,3.991055e6
9.0,8.0,0.10833885,0.3909,8.712e-11,420.0,573196.0
9.0,8.0,0.10957681,0.2144,1.555e-9,416.0,1.0230945e7
9.0,8.0,0.11047851,0.7038,1.974e-10,412.0,1.298771e6
9.0,8.0,0.11079973,0.2935,6.979e-11,411.0,459175.0
9.0,8.0,0.11353307,0.283,5.678e-11,401.0,373578.0
9.0,8.0,0.11449309,0.9398,2.487e-10,398.0,1.636293e6
9.0,8.0,0.11525263,0.7014,7.586e-10,395.0,4.991122e6
9.0,8.0,0.11559982,0.6918,3.673e-10,394.0,2.416608e6
9.0,8.0,0.11577843,0.05058,5.104e-10,393.0,3.358118e6
9.0,8.0,0.11653432,0.1192,8.589e-11,391.0,565103.0
9.0,8.0,0.11727928,0.2514,2.282e-11,388.0,150142.0
9.0,8.0,0.11872318,4.808,3.809e-10,384.0,2.506088e6
9.0,8.0,0.11955107,3.386,2.974e-10,381.0,1.956709e6
9.0,8.0,0.12029192,0.04962,2.301e-10,379.0,1.513917e6
9.0,8.0,0.12152168,0.5091,4.611e-10,375.0,3.033755e6
9.0,8.0,0.12235457,0.4386,4.608e-10,372.0,3.031781e6
9.0,8.0,0.12353512,0.5544,8.563e-11,369.0,563393.0
9.0,8.0,0.12367819,0.005709,1.787e-10,368.0,1.175736e6
9.0,8.0,0.12517585,0.6895,7.712e-11,364.0,507402.0
9.0,8.0,0.12555038,4.812,3.65e-10,363.0,2.401476e6
9.0,8.0,0.12607071,5.943,4.383e-10,361.0,2.883745e6
9.0,8.0,0.12787456,48.41,3.157e-9,356.0,2.0771121e7
9.0,8.0,0.12855756,5.485,4.149e-10,354.0,2.729787e6
9.0,8.0,0.13098517,9.449,7.009e-10,348.0,4.611491e6
9.0,8.0,0.13238259,0.05806,4.517e-11,344.0,297191.0
9.0,8.0,0.13326516,3.643,3.054e-10,342.0,2.009344e6
9.0,8.0,0.13420604,0.3938,1.54e-10,339.0,1.013225e6
9.0,8.0,0.13453273,0.7758,7.061e-11,339.0,464570.0
9.0,8.0,0.13506946,0.05665,1.12e-10,337.0,736891.0
9.0,8.0,0.13563308,32.73,2.797e-9,336.0,1.8402542e7
9.0,8.0,0.14372785,0.2894,2.363e-10,317.0,1.554709e6
9.0,8.0,0.14398711,0.3576,1.178e-9,316.0,7.750516e6
9.0,8.0,0.14489609,0.03032,5.04e-10,314.0,3.31601e6
9.0,8.0,0.14604246,0.0377,4.033e-9,312.0,2.6534663e7
9.0,8.0,0.14816025,0.04487,5.637e-10,307.0,3.7088e6
9.0,8.0,0.14921504,0.001809,6.773e-10,305.0,4.456218e6
9.0,8.0,0.15084575,1.48e-5,3.829e-10,302.0,2.519247e6
9.0,8.0,0.15129591,0.05076,3.426e-11,301.0,225410.0
9.0,8.0,0.15547497,0.176,2.359e-10,293.0,1.552077e6
9.0,8.0,0.16150801,0.5018,1.159e-10,282.0,762551.0
9.0,8.0,0.16275325,0.005788,1.665e-11,280.0,109547.0
9.0,8.0,0.16480542,0.0006116,2.007e-12,276.0,13205.0
9.0,8.0,0.16800852,0.1078,2.287e-10,271.0,1.504706e6
9.0,8.0,0.16891705,0.0008867,1.031e-11,270.0,67833.0
9.0,8.0,0.17201854,0.0004754,3.563e-11,265.0,234424.0
9.0,8.0,0.17379733,0.0001291,5.44e-12,262.0,35792.0
9.0,8.0,0.17516697,0.0001214,8.136e-12,260.0,53530.0
9.0,8.0,0.17590281,6.093e-6,1.541e-11,259.0,101388.0
9.0,8.0,0.17746655,8.69e-5,1.057e-11,257.0,69544.0
9.0,8.0,0.17829625,0.001169,2.753e-11,255.0,181130.0
9.0,8.0,0.17914191,3.718e-6,5.991e-11,254.0,394171.0
9.0,8.0,0.17994154,1.293e-5,8.4e-12,253.0,55267.0
9.0,8.0,0.18118815,6.2e-6,1.774e-11,251.0,116718.0
9.0,8.0,0.18156268,0.0003894,3.125e-11,251.0,205606.0
9.0,8.0,0.18242565,7.679e-6,3.193e-11,250.0,210080.0
9.0,8.0,0.18281522,0.0002297,2.113e-11,249.0,139022.0
9.0,8.0,0.18373013,0.0005072,1.811e-11,248.0,119153.0
9.0,8.0,0.1843302,5.049e-6,4.754e-11,247.0,312784.0
9.0,8.0,0.1850018,3.137e-5,3.273e-11,246.0,215343.0
9.0,8.0,0.18588755,1.775e-6,1.934e-11,245.0,127245.0
9.0,8.0,0.1863368,0.00016,6.814e-12,244.0,44832.0
9.0,8.0,0.18690452,9.915e-5,1.854e-11,244.0,121982.0
9.0,8.0,0.18741848,0.0001755,3.928e-11,243.0,258438.0
9.0,8.0,0.1883589,9.639e-7,1.386e-11,242.0,91190.0
9.0,8.0,0.18883413,0.0005302,5.821e-11,241.0,382986.0
9.0,8.0,0.18928976,0.0001603,4.154e-11,241.0,273308.0
9.0,8.0,0.18979642,0.0001941,2.581e-11,240.0,169814.0
9.0,8.0,0.19001148,2.427e-6,2.153e-11,240.0,141654.0
9.0,8.0,0.19045572,0.0001733,4.912e-11,239.0,323179.0
9.0,8.0,0.19104668,3.139e-5,3.555e-11,238.0,233897.0
9.0,8.0,0.19178435,0.00051,2.268e-11,238.0,149220.0
9.0,8.0,0.19205591,0.0001819,4.051e-11,237.0,266531.0
9.0,8.0,0.1922254,0.0003778,7.263e-11,237.0,477861.0
9.0,8.0,0.19256394,2.256e-5,1.542e-11,237.0,101454.0
9.0,8.0,0.19335947,0.0001882,2.358e-11,236.0,155142.0
9.0,8.0,0.19392354,1.444e-5,1.768e-11,235.0,116324.0
9.0,8.0,0.19454731,2.1e-5,2.185e-11,234.0,143760.0
9.0,8.0,0.19457191,0.0001454,2.805e-11,234.0,184552.0
9.0,8.0,0.194725,2.246e-5,4.983e-11,234.0,327851.0
9.0,8.0,0.19528999,0.0005478,3.026e-11,233.0,199092.0
9.0,8.0,0.19581488,5.765e-6,4.746e-11,233.0,312258.0
9.0,8.0,0.19615478,1.498e-5,2.017e-11,232.0,132706.0
9.0,8.0,0.19635617,1.038e-7,3.59e-11,232.0,236200.0
9.0,8.0,0.19708381,3.472e-5,3.889e-11,231.0,255872.0
9.0,8.0,0.19759458,8.447e-5,5.834e-11,231.0,383841.0
9.0,8.0,0.19785064,1.362e-5,3.763e-11,230.0,247582.0
9.0,8.0,0.19838966,3.268e-5,2.029e-11,230.0,133496.0
9.0,8.0,0.19846939,3.513e-6,4.957e-11,230.0,326140.0
9.0,8.0,0.19896375,2.392e-5,3.6e-11,229.0,236858.0
9.0,8.0,0.19930685,7.531e-6,5.474e-11,229.0,360156.0
9.0,8.0,0.19952601,2.06e-6,2.726e-11,228.0,179354.0
9.0,8.0,0.20019305,5.46e-5,3.749e-11,228.0,246661.0
9.0,8.0,0.20037166,0.0003914,1.785e-11,227.0,117442.0
9.0,8.0,0.20079859,0.000144,2.661e-11,227.0,175077.0
9.0,8.0,0.20121731,8.211e-5,4.323e-11,226.0,284427.0
9.0,8.0,0.20135127,1.937e-5,2.776e-11,226.0,182644.0
9.0,8.0,0.20179688,3.124e-7,4.301e-11,226.0,282979.0
9.0,8.0,0.20200009,7.635e-5,2.905e-11,226.0,191131.0
9.0,8.0,0.20226618,0.0001649,5.453e-11,225.0,358774.0
9.0,8.0,0.20264982,3.764e-8,5.628e-11,225.0,370288.0
9.0,8.0,0.2030485,6.666e-5,4.604e-11,224.0,302915.0
9.0,8.0,0.20333965,9.657e-5,4.687e-11,224.0,308376.0
9.0,8.0,0.20336334,5.91e-5,7.289e-11,224.0,479571.0
9.0,8.0,0.20429101,7.78e-5,4.336e-11,223.0,285282.0
9.0,8.0,0.20512482,0.0003,1.646e-10,222.0,1.082967e6
9.0,8.0,0.20526105,2.63e-5,1.22e-10,222.0,802685.0
9.0,8.0,0.20559412,0.0004942,8.539e-11,222.0,561814.0
9.0,8.0,0.20578731,0.0001453,2.718e-11,221.0,178828.0
9.0,8.0,0.20611856,0.0001129,5.496e-11,221.0,361603.0
9.0,8.0,0.20633726,0.0001239,6.427e-11,221.0,422857.0
9.0,8.0,0.20675416,0.0001488,8.7e-11,220.0,572407.0
9.0,8.0,0.20688174,0.0001768,8.839e-11,220.0,581552.0
9.0,8.0,0.20734694,1.944e-7,1.383e-10,220.0,909929.0
9.0,8.0,0.2075784,0.0002116,1.013e-10,219.0,666492.0
9.0,8.0,0.20789233,0.0001552,5.063e-11,219.0,333114.0
9.0,8.0,0.20845413,9.515e-6,4.856e-11,219.0,319495.0
9.0,8.0,0.20899952,3.562e-6,3.819e-11,218.0,251267.0
9.0,8.0,0.20929568,3.336e-5,7.203e-11,218.0,473913.0
9.0,8.0,0.20950527,0.0002768,1.626e-10,217.0,1.069808e6
9.0,8.0,0.20993448,0.0002556,2.91e-10,217.0,1.914601e6
9.0,8.0,0.21017961,0.0007225,1.872e-10,217.0,1.231661e6
9.0,8.0,0.21054138,1.375e-5,2.193e-10,216.0,1.442859e6
9.0,8.0,0.21068491,8.638e-5,5.304e-11,216.0,348971.0
9.0,8.0,0.21089632,1.743e-5,4.943e-11,216.0,325219.0
9.0,8.0,0.21142258,0.0002335,2.883e-10,215.0,1.896837e6
9.0,8.0,0.21143442,5.417e-5,3.624e-11,215.0,238437.0
9.0,8.0,0.21185907,6.428e-5,1.838e-10,215.0,1.209291e6
9.0,8.0,0.21238943,0.000689,1.614e-10,214.0,1.061913e6
9.0,8.0,0.21260267,0.000182,5.196e-10,214.0,3.418649e6
9.0,8.0,0.21304372,1.289e-5,7.383e-11,214.0,485756.0
9.0,8.0,0.21344786,1.469e-6,3.715e-11,213.0,244424.0
9.0,8.0,0.21358273,8.535e-6,1.104e-10,213.0,726364.0
9.0,8.0,0.21373127,0.0006217,1.807e-10,213.0,1.188895e6
9.0,8.0,0.21429033,2.447e-5,4.247e-10,213.0,2.794265e6
9.0,8.0,0.21437006,0.0003268,2.837e-10,212.0,1.866572e6
9.0,8.0,0.2145997,0.0001164,3.15e-10,212.0,2.072507e6
9.0,8.0,0.21510318,3.68e-5,5.592e-11,212.0,367919.0
9.0,8.0,0.21553648,0.001456,5.358e-10,211.0,3.525235e6
9.0,8.0,0.21579938,2.863e-5,4.042e-10,211.0,2.659388e6
9.0,8.0,0.21619305,0.000121,1.309e-10,211.0,861242.0
9.0,8.0,0.21664322,0.0001109,1.149e-10,210.0,755971.0
9.0,8.0,0.2166865,3.987e-6,7.592e-11,210.0,499507.0
9.0,8.0,0.21700043,0.0004942,2.791e-10,210.0,1.836307e6
9.0,8.0,0.2175399,8.789e-5,2.229e-10,209.0,1.466545e6
9.0,8.0,0.21785702,0.0006281,6.518e-10,209.0,4.288444e6
9.0,8.0,0.21814407,0.0001976,5.831e-10,209.0,3.83644e6
9.0,8.0,0.21840196,0.0002113,2.151e-10,209.0,1.415226e6
9.0,8.0,0.21853683,0.0003335,1.671e-10,208.0,1.099415e6
9.0,8.0,0.21872227,0.0001501,8.452e-11,208.0,556090.0
9.0,8.0,0.21905807,0.0001295,2.776e-10,208.0,1.826437e6
9.0,8.0,0.21947908,0.0006033,5.206e-10,208.0,3.425228e6
9.0,8.0,0.21967272,1.834e-5,8.599e-11,207.0,565761.0
9.0,8.0,0.21988914,0.0003498,4.566e-10,207.0,3.004148e6
9.0,8.0,0.21999576,8.375e-5,1.691e-10,207.0,1.112574e6
9.0,8.0,0.22016708,0.002314,5.568e-10,207.0,3.663402e6
9.0,8.0,0.22050835,0.0006088,4.613e-10,207.0,3.035071e6
9.0,8.0,0.22103552,0.0001488,3.047e-10,206.0,2.004739e6
9.0,8.0,0.22142508,0.0005918,4.042e-10,206.0,2.659388e6
9.0,8.0,0.22155949,5.321e-7,2.548e-10,206.0,1.676427e6
9.0,8.0,0.22171805,0.0001269,4.142e-10,205.0,2.725182e6
9.0,8.0,0.22188482,1.519e-5,5.63e-10,205.0,3.704194e6
9.0,8.0,0.2219723,4.592e-5,2.395e-10,205.0,1.575763e6
9.0,8.0,0.22230947,9.677e-6,4.14e-10,205.0,2.723866e6
9.0,8.0,0.22292047,0.0001733,6.935e-10,204.0,4.562804e6
9.0,8.0,0.22301205,3.859e-5,6.032e-11,204.0,396869.0
9.0,8.0,0.2233638,1.372e-5,2.228e-10,204.0,1.465887e6
9.0,8.0,0.22352008,7.51e-5,1.068e-10,204.0,702678.0
9.0,8.0,0.22356109,0.0003529,6.335e-10,204.0,4.168041e6
9.0,8.0,0.22388596,1.944e-5,1.665e-10,203.0,1.095468e6
9.0,8.0,0.22440264,0.0006832,1.577e-10,203.0,1.037569e6
9.0,8.0,0.22493619,0.0008888,2.874e-10,203.0,1.890915e6
9.0,8.0,0.22512755,0.0005235,4.916e-10,202.0,3.234426e6
9.0,8.0,0.22531846,0.000868,2.115e-10,202.0,1.39154e6
9.0,8.0,0.22541096,2.571e-5,7.288e-10,202.0,4.795056e6
9.0,8.0,0.22577182,1.735e-5,4.878e-10,202.0,3.209424e6
9.0,8.0,0.22604657,1.295e-5,7.707e-11,202.0,507073.0
9.0,8.0,0.22636095,1.552e-6,2.812e-10,201.0,1.850123e6
9.0,8.0,0.22685805,0.0001228,3.392e-10,201.0,2.231728e6
9.0,8.0,0.22698562,0.0002079,3.923e-10,201.0,2.581093e6
9.0,8.0,0.22720706,7.059e-5,1.561e-10,200.0,1.027042e6
9.0,8.0,0.22737474,8.213e-5,2.556e-10,200.0,1.681691e6
9.0,8.0,0.22743078,0.000205,1.787e-10,200.0,1.175736e6
9.0,8.0,0.22756519,9.734e-6,6.003e-10,200.0,3.949605e6
9.0,8.0,0.22784176,0.0003199,2.903e-10,200.0,1.909996e6
9.0,8.0,0.22847327,0.0009009,5.388e-10,199.0,3.544973e6
9.0,8.0,0.22879859,0.0008208,3.64e-10,199.0,2.394896e6
9.0,8.0,0.22905237,0.001251,4.982e-10,199.0,3.27785e6
9.0,8.0,0.22920911,4.574e-5,1.074e-9,199.0,7.06626e6
9.0,8.0,0.22923098,9.199e-5,3.332e-10,199.0,2.192251e6
9.0,8.0,0.22977683,0.0001616,5.468e-10,198.0,3.597608e6
9.0,8.0,0.23000738,0.000723,4.139e-10,198.0,2.723208e6
9.0,8.0,0.23030035,0.003645,1.003e-9,198.0,6.599124e6
9.0,8.0,0.23045572,8.094e-5,3.463e-10,198.0,2.278441e6
9.0,8.0,0.23060426,0.0004723,4.75e-10,198.0,3.125208e6
9.0,8.0,0.23095009,0.002547,1.135e-9,197.0,7.467603e6
9.0,8.0,0.23110181,0.002092,5.798e-10,197.0,3.814728e6
9.0,8.0,0.23139068,0.0005984,3.693e-10,197.0,2.429767e6
9.0,8.0,0.23166999,0.0008229,2.263e-10,197.0,1.488915e6
9.0,8.0,0.23200396,0.0008616,1.724e-10,196.0,1.134286e6
9.0,8.0,0.23227142,0.002201,7.543e-10,196.0,4.962831e6
9.0,8.0,0.23259948,3.943e-6,4.249e-10,196.0,2.795581e6
9.0,8.0,0.23283003,0.001168,3.465e-10,196.0,2.279757e6
9.0,8.0,0.2332164,0.00022,3.105e-10,195.0,2.042899e6
9.0,8.0,0.2333777,0.004205,8.009e-10,195.0,5.26943e6
9.0,8.0,0.23392537,5.005e-5,4.246e-10,195.0,2.793607e6
9.0,8.0,0.23424431,0.001998,1.01e-9,194.0,6.64518e6
9.0,8.0,0.23434273,3.936e-5,3.774e-10,194.0,2.48306e6
9.0,8.0,0.23461246,0.0009883,3.671e-10,194.0,2.415292e6
9.0,8.0,0.23483208,0.0002679,1.587e-9,194.0,1.0441485e7
9.0,8.0,0.23512414,0.0001792,4.141e-10,194.0,2.724524e6
9.0,8.0,0.23522757,0.0001674,2.917e-10,194.0,1.919207e6
9.0,8.0,0.23559253,0.0004565,1.3e-9,193.0,8.553201e6
9.0,8.0,0.23584039,0.0001438,8.975e-10,193.0,5.904999e6
9.0,8.0,0.23609418,0.00293,1.035e-9,193.0,6.809664e6
9.0,8.0,0.23655072,0.0002768,7.413e-10,193.0,4.877299e6
9.0,8.0,0.2366906,5.725e-5,2.293e-10,192.0,1.508653e6
9.0,8.0,0.23685554,0.002116,6.691e-10,192.0,4.402267e6
9.0,8.0,0.23706604,0.0005453,7.849e-10,192.0,5.16416e6
9.0,8.0,0.23730069,1.588e-7,4.982e-10,192.0,3.27785e6
9.0,8.0,0.23764925,0.0002192,3.16e-10,192.0,2.079086e6
9.0,8.0,0.23785155,0.004301,1.115e-9,192.0,7.336015e6
9.0,8.0,0.23807573,3.578e-6,3.109e-10,191.0,2.045531e6
9.0,8.0,0.23832541,0.0006465,1.057e-9,191.0,6.954411e6
9.0,8.0,0.23871452,0.0004631,4.848e-10,191.0,3.189686e6
9.0,8.0,0.23912824,0.003267,6.881e-10,190.0,4.527275e6
9.0,8.0,0.23941574,0.001361,3.266e-10,190.0,2.148827e6
9.0,8.0,0.23948135,0.0005167,3.74e-10,190.0,2.46069e6
9.0,8.0,0.23969094,0.0002255,1.209e-9,190.0,7.954477e6
9.0,8.0,0.23992241,0.0009404,4.169e-10,190.0,2.742946e6
9.0,8.0,0.24004907,0.001716,7.275e-10,190.0,4.786503e6
9.0,8.0,0.24060358,0.001218,9.96e-10,189.0,6.553068e6
9.0,8.0,0.24070609,7.535e-5,4.446e-10,189.0,2.925195e6
9.0,8.0,0.24088425,4.307e-5,6.118e-10,189.0,4.025268e6
9.0,8.0,0.24138499,8.783e-5,3.539e-10,189.0,2.328445e6
9.0,8.0,0.24156861,0.0005388,5.995e-10,189.0,3.944342e6
9.0,8.0,0.24201194,0.0001384,6.06e-10,188.0,3.987108e6
9.0,8.0,0.24218599,1.494e-5,2.091e-10,188.0,1.37575e6
9.0,8.0,0.24229443,7.62e-6,3.72e-10,188.0,2.447531e6
9.0,8.0,0.2426881,0.0005467,7.619e-10,188.0,5.012834e6
9.0,8.0,0.24296011,0.001574,1.684e-9,187.0,1.1079686e7
9.0,8.0,0.24348545,0.0005472,7.0e-10,187.0,4.60557e6
9.0,8.0,0.24356701,0.0002941,2.92e-10,187.0,1.921181e6
9.0,8.0,0.24395248,0.002477,2.502e-9,187.0,1.6461623e7
9.0,8.0,0.24405181,0.0002913,2.848e-10,187.0,1.873809e6
9.0,8.0,0.24420399,2.87e-5,8.034e-10,187.0,5.285878e6
9.0,8.0,0.24457487,0.0007275,9.077e-10,186.0,5.972108e6
9.0,8.0,0.24491067,0.0006021,7.707e-10,186.0,5.070733e6
9.0,8.0,0.24550208,0.001188,1.251e-9,186.0,8.230812e6
9.0,8.0,0.24571578,0.000144,7.903e-10,185.0,5.199689e6
9.0,8.0,0.24585748,1.315e-6,6.438e-10,185.0,4.235809e6
9.0,8.0,0.24629306,2.179e-7,4.802e-10,185.0,3.159421e6
9.0,8.0,0.24676282,0.0003601,1.381e-9,185.0,9.086132e6
9.0,8.0,0.24708996,4.362e-6,5.42e-10,184.0,3.566027e6
9.0,8.0,0.24719339,1.765e-6,1.135e-9,184.0,7.467603e6
9.0,8.0,0.24746176,1.282e-7,5.932e-10,184.0,3.902892e6
9.0,8.0,0.2477807,2.06e-5,5.579e-10,184.0,3.670639e6
9.0,8.0,0.24790464,3.032e-7,8.086e-10,184.0,5.320091e6
9.0,8.0,0.24820353,6.647e-5,3.165e-10,184.0,2.082376e6
9.0,8.0,0.24845732,6.946e-5,7.225e-10,183.0,4.753606e6
9.0,8.0,0.2485653,8.439e-6,4.984e-10,183.0,3.279166e6
9.0,8.0,0.24879175,0.0003374,1.982e-9,183.0,1.3040342e7
9.0,8.0,0.24916583,0.0002779,1.11e-9,183.0,7.303118e6
9.0,8.0,0.24949297,2.261e-5,2.798e-10,183.0,1.840912e6
9.0,8.0,0.24989028,0.0001017,7.998e-10,182.0,5.262193e6
9.0,8.0,0.25026891,2.022e-6,2.086e-10,182.0,1.37246e6
9.0,8.0,0.2506152,5.616e-5,3.542e-10,182.0,2.330418e6
9.0,8.0,0.25083071,5.534e-7,1.434e-9,182.0,9.434839e6
9.0,8.0,0.25091455,0.0001936,8.477e-10,182.0,5.577345e6
9.0,8.0,0.25114464,2.439e-5,3.526e-10,181.0,2.319891e6
9.0,8.0,0.25142531,7.151e-6,4.386e-10,181.0,2.885719e6
9.0,8.0,0.25198164,0.0001901,2.102e-9,181.0,1.3829869e7
9.0,8.0,0.25209372,0.0001591,8.183e-10,181.0,5.383911e6
9.0,8.0,0.2525972,0.0003528,5.361e-10,180.0,3.527209e6
9.0,8.0,0.25278811,9.379e-5,3.762e-10,180.0,2.475165e6
9.0,8.0,0.25302139,3.222e-5,4.752e-10,180.0,3.126524e6
9.0,8.0,0.25346791,1.228e-10,4.259e-10,180.0,2.80216e6
9.0,8.0,0.25377956,4.462e-5,7.634e-10,179.0,5.022703e6
9.0,8.0,0.25390486,3.639e-5,2.327e-10,179.0,1.531023e6
9.0,8.0,0.25429306,8.12e-5,6.834e-10,179.0,4.496352e6
9.0,8.0,0.25443249,2.327e-5,2.301e-9,179.0,1.5139167e7
9.0,8.0,0.25497697,4.192e-5,3.386e-10,179.0,2.22778e6
9.0,8.0,0.25546996,1.359e-5,5.266e-10,178.0,3.464705e6
9.0,8.0,0.25560392,0.0002747,7.71e-10,178.0,5.072706e6
9.0,8.0,0.25590418,9.149e-5,1.398e-9,178.0,9.197981e6
9.0,8.0,0.25635981,0.0001652,1.838e-9,178.0,1.2092911e7
9.0,8.0,0.2565161,1.871e-5,1.375e-9,178.0,9.046655e6
9.0,8.0,0.25671566,5.945e-6,4.813e-10,177.0,3.166658e6
9.0,8.0,0.25717221,1.175e-5,1.783e-10,177.0,1.173104e6
9.0,8.0,0.25750619,1.212e-9,7.406e-10,177.0,4.872693e6
9.0,8.0,0.2578757,0.0001266,4.071e-10,177.0,2.678468e6
9.0,8.0,0.2581787,0.0001054,1.048e-9,176.0,6.895196e6
9.0,8.0,0.25856508,0.0001549,1.414e-9,176.0,9.303251e6
9.0,8.0,0.25870678,0.000148,1.109e-9,176.0,7.296539e6
9.0,8.0,0.25937975,5.069e-5,5.365e-10,176.0,3.52984e6
9.0,8.0,0.25957795,8.226e-5,6.319e-10,175.0,4.157514e6
9.0,8.0,0.25983128,0.001604,2.32e-9,175.0,1.5264175e7
9.0,8.0,0.2601124,5.119e-6,6.643e-10,175.0,4.370686e6
9.0,8.0,0.26042588,4.082e-5,3.686e-10,175.0,2.425162e6
9.0,8.0,0.26083048,0.0002425,1.227e-9,175.0,8.072906e6
9.0,8.0,0.26111935,1.254e-5,2.932e-10,174.0,1.929076e6
9.0,8.0,0.26127427,0.0001971,4.767e-10,174.0,3.136393e6
9.0,8.0,0.26146609,0.00018,1.786e-9,174.0,1.1750783e7
9.0,8.0,0.2620616,3.426e-6,1.029e-10,174.0,677019.0
9.0,8.0,0.26223246,0.000238,4.949e-10,174.0,3.256138e6
9.0,8.0,0.26239467,2.38e-6,6.603e-10,174.0,4.344368e6
9.0,8.0,0.26305443,1.535e-5,5.151e-10,173.0,3.389042e6
9.0,8.0,0.26320296,2.758e-5,1.295e-9,173.0,8.520305e6
9.0,8.0,0.26372648,6.263e-5,9.983e-10,173.0,6.568201e6
9.0,8.0,0.26388368,9.666e-5,4.144e-10,173.0,2.726497e6
9.0,8.0,0.26412926,6.968e-6,3.062e-10,172.0,2.014608e6
9.0,8.0,0.26455391,7.473e-5,6.462e-10,172.0,4.251599e6
9.0,8.0,0.26492343,1.018e-6,1.302e-9,172.0,8.56636e6
9.0,8.0,0.26522734,3.904e-5,5.422e-10,172.0,3.567343e6
9.0,8.0,0.26558547,5.13e-6,1.571e-9,172.0,1.0336215e7
9.0,8.0,0.26630719,2.759e-5,6.473e-10,171.0,4.258836e6
9.0,8.0,0.26688721,0.0002061,1.181e-9,171.0,7.770255e6
9.0,8.0,0.26693961,2.188e-5,8.884e-11,171.0,584513.0
9.0,8.0,0.26722255,0.0001164,7.442e-10,170.0,4.896379e6
9.0,8.0,0.26742258,7.601e-5,5.812e-10,170.0,3.823939e6
9.0,8.0,0.26763308,4.619e-5,2.371e-10,170.0,1.559972e6
9.0,8.0,0.26809691,9.179e-5,6.589e-10,170.0,4.335157e6
9.0,8.0,0.26829967,0.0005193,1.517e-9,170.0,9.980928e6
9.0,8.0,0.26876533,3.229e-5,3.824e-10,169.0,2.515957e6
9.0,8.0,0.26890202,1.76e-5,7.525e-10,169.0,4.950988e6
9.0,8.0,0.26958273,7.636e-5,1.076e-9,169.0,7.079419e6
9.0,8.0,0.27020011,3.596e-6,6.96e-10,169.0,4.579252e6
9.0,8.0,0.2706685,3.366e-5,2.719e-10,168.0,1.788935e6
9.0,8.0,0.27072318,0.0001236,5.401e-10,168.0,3.553526e6
9.0,8.0,0.27118975,0.0001643,1.036e-9,168.0,6.816244e6
9.0,8.0,0.27147452,3.739e-5,4.204e-10,168.0,2.765974e6
9.0,8.0,0.27179893,0.000152,9.52e-10,168.0,6.263575e6
9.0,8.0,0.27219579,1.415e-5,8.025e-10,167.0,5.279957e6
9.0,8.0,0.27247828,4.861e-5,9.175e-10,167.0,6.036586e6
9.0,8.0,0.27307014,1.403e-5,2.53e-10,167.0,1.664585e6
9.0,8.0,0.27323964,8.513e-5,6.39e-10,167.0,4.204227e6
9.0,8.0,0.27353945,0.0002981,1.503e-9,167.0,9.888817e6
9.0,8.0,0.27366976,1.985e-5,2.048e-10,166.0,1.347458e6
9.0,8.0,0.2746521,1.148e-5,4.545e-10,166.0,2.990331e6
9.0,8.0,0.2750845,8.2e-6,3.542e-10,166.0,2.330418e6
9.0,8.0,0.27545903,7.903e-6,5.741e-10,165.0,3.777225e6
9.0,8.0,0.27604998,3.235e-6,1.551e-9,165.0,1.0204627e7
9.0,8.0,0.27651518,5.275e-6,1.386e-10,165.0,911903.0
9.0,8.0,0.27690384,2.698e-5,8.991e-10,165.0,5.915526e6
9.0,8.0,0.27710113,0.000101,5.786e-10,164.0,3.806833e6
9.0,8.0,0.27737952,6.93e-6,1.591e-9,164.0,1.0467803e7
9.0,8.0,0.27804839,1.957e-6,2.477e-10,164.0,1.629714e6
9.0,8.0,0.278494,6.903e-6,8.809e-10,164.0,5.795781e6
9.0,8.0,0.27897059,1.117e-5,2.307e-10,163.0,1.517864e6
9.0,8.0,0.27924397,3.823e-6,3.162e-10,163.0,2.080402e6
9.0,8.0,0.27957886,4.991e-6,7.808e-10,163.0,5.137184e6
9.0,8.0,0.28003631,8.849e-6,6.94e-10,163.0,4.566094e6
9.0,8.0,0.2804596,7.837e-5,1.751e-9,162.0,1.1520504e7
9.0,8.0,0.28126151,6.255e-5,5.29e-10,162.0,3.480495e6
9.0,8.0,0.28170803,6.795e-6,7.827e-10,162.0,5.149685e6
9.0,8.0,0.28176909,5.43e-6,1.857e-9,162.0,1.2217919e7
9.0,8.0,0.2821099,8.097e-5,2.237e-9,161.0,1.4718086e7
9.0,8.0,0.28257419,2.407e-7,3.949e-10,161.0,2.598199e6
9.0,8.0,0.28322164,6.791e-5,1.553e-9,161.0,1.0217786e7
9.0,8.0,0.28402401,3.664e-5,1.783e-9,160.0,1.1731045e7
9.0,8.0,0.28465415,3.365e-5,5.753e-10,160.0,3.785121e6
9.0,8.0,0.28516309,7.144e-5,1.142e-9,160.0,7.513658e6
9.0,8.0,0.28571487,8.044e-6,4.417e-10,159.0,2.906115e6
9.0,8.0,0.28637143,7.54e-6,5.623e-10,159.0,3.699589e6
9.0,8.0,0.2870649,3.901e-7,2.568e-10,159.0,1.689586e6
9.0,8.0,0.28756565,1.829e-5,1.327e-10,158.0,873084.0
9.0,8.0,0.28817255,8.253e-5,9.349e-10,158.0,6.151068e6
9.0,8.0,0.28872113,1.632e-5,5.843e-10,158.0,3.844335e6
9.0,8.0,0.2901992,0.0001619,1.285e-9,157.0,8.454511e6
9.0,8.0,0.29109999,0.0002723,2.206e-9,156.0,1.4514125e7
9.0,8.0,0.29166315,1.323e-5,1.023e-9,156.0,6.730712e6
9.0,8.0,0.29231653,6.563e-6,3.35e-10,156.0,2.204094e6
9.0,8.0,0.29324647,4.344e-6,1.484e-10,155.0,976381.0
9.0,8.0,0.29429762,5.693e-6,1.272e-9,155.0,8.368979e6
9.0,8.0,0.29497241,7.966e-5,1.835e-9,154.0,1.2073173e7
9.0,8.0,0.29623087,4.185e-5,9.369e-10,154.0,6.164226e6
9.0,8.0,0.2965808,2.471e-5,4.436e-10,154.0,2.918616e6
9.0,8.0,0.29700727,3.969e-6,4.301e-10,153.0,2.829794e6
9.0,8.0,0.29739228,6.912e-7,3.707e-10,153.0,2.438978e6
9.0,8.0,0.2995374,0.0001275,5.704e-10,152.0,3.752882e6
9.0,8.0,0.29976066,0.000202,6.144e-10,152.0,4.042375e6
9.0,8.0,0.30023178,2.567e-6,9.258e-11,152.0,609120.0
9.0,8.0,0.30024909,2.435e-6,8.287e-11,152.0,545234.0
9.0,8.0,0.30125832,6.755e-5,5.524e-10,151.0,3.634453e6
9.0,8.0,0.30181146,0.0007398,1.345e-9,151.0,8.849274e6
9.0,8.0,0.3023409,0.0006911,1.494e-9,151.0,9.829602e6
9.0,8.0,0.30313781,7.091e-5,0.0,150.0,0.0
9.0,8.0,0.30444593,8.642e-5,0.0,150.0,0.0
9.0,8.0,0.30467101,3.036e-5,0.0,150.0,0.0
9.0,8.0,0.30569163,1.474e-6,0.0,149.0,0.0
9.0,8.0,0.30650858,1.115e-6,0.0,149.0,0.0
9.0,8.0,0.30660153,1.057e-6,0.0,149.0,0.0
9.0,9.0,0.044299624,0.009431,7.62e-14,1028.0,501.0
9.0,9.0,0.058087117,0.00361,6.081e-12,784.0,40009.0
9.0,9.0,0.061323932,0.2045,7.039e-12,743.0,46312.0
9.0,9.0,0.063498667,0.09146,1.97e-11,717.0,129614.0
9.0,9.0,0.066807518,0.9419,2.664e-11,682.0,175275.0
9.0,9.0,0.072760497,1.706,2.655e-11,626.0,174683.0
9.0,9.0,0.073876159,0.0676,1.86e-12,617.0,12238.0
9.0,9.0,0.07729222,0.03523,4.872e-12,589.0,32055.0
9.0,9.0,0.078460554,3.45,6.989e-11,581.0,459833.0
9.0,9.0,0.081062126,0.05263,1.079e-11,562.0,70992.0
9.0,9.0,0.083288393,0.0693,2.362e-11,547.0,155405.0
9.0,9.0,0.085250439,0.9234,5.322e-11,534.0,350155.0
9.0,9.0,0.08778804,0.001912,4.035e-11,519.0,265478.0
9.0,9.0,0.089259961,0.001294,4.982e-11,510.0,327785.0
9.0,9.0,0.090016403,0.08408,6.007e-11,506.0,395224.0
9.0,9.0,0.092542431,0.1919,4.528e-11,492.0,297915.0
9.0,9.0,0.094219068,0.2882,5.537e-10,483.0,3.643006e6
9.0,9.0,0.096563435,0.04074,2.136e-10,472.0,1.405357e6
9.0,9.0,0.097201823,1.245,2.489e-10,469.0,1.637609e6
9.0,9.0,0.098981296,6.732e-6,3.35e-10,460.0,2.204094e6
9.0,9.0,0.10145402,0.8108,1.69e-10,449.0,1.111916e6
9.0,9.0,0.10226413,0.9553,4.862e-10,445.0,3.198897e6
9.0,9.0,0.10363171,0.09373,7.25e-10,440.0,4.770055e6
9.0,9.0,0.1058054,0.03364,8.205e-11,431.0,539839.0
9.0,9.0,0.10784085,14.79,1.789e-9,422.0,1.1770521e7
9.0,9.0,0.1108822,0.4761,6.579e-11,411.0,432858.0
9.0,9.0,0.11120934,0.04797,2.603e-10,410.0,1.712614e6
9.0,9.0,0.11223543,3.697,1.381e-9,406.0,9.086132e6
9.0,9.0,0.11331345,3.909,3.649e-10,402.0,2.400818e6
9.0,9.0,0.1147004,0.7544,8.844e-10,397.0,5.818809e6
9.0,9.0,0.11726561,18.63,1.086e-9,388.0,7.145213e6
9.0,9.0,0.11974425,86.5,4.163e-9,380.0,2.7389983e7
9.0,9.0,0.12128475,2.654,2.229e-10,376.0,1.466545e6
9.0,9.0,0.12257328,4.68,3.003e-10,372.0,1.97579e6
9.0,9.0,0.12350732,0.09568,8.974e-12,369.0,59043.0
9.0,9.0,0.12895715,0.4905,7.889e-10,353.0,5.190477e6
9.0,9.0,0.13047805,0.2616,5.226e-10,349.0,3.438387e6
9.0,9.0,0.13481841,0.09665,2.213e-9,338.0,1.4560181e7
9.0,9.0,0.13501889,0.01311,2.185e-9,337.0,1.4375958e7
9.0,9.0,0.14018439,0.5809,7.249e-10,325.0,4.769397e6
9.0,9.0,0.14075667,0.02441,1.13e-10,324.0,743471.0
9.0,9.0,0.15332712,0.001674,2.285e-11,297.0,150339.0
9.0,9.0,0.15367067,0.02045,4.315e-12,296.0,28390.0
9.0,9.0,0.16377159,8.867e-5,1.576e-11,278.0,103691.0
9.0,9.0,0.17037006,0.0001382,2.786e-11,267.0,183302.0
9.0,9.0,0.17102709,0.000193,3.774e-11,266.0,248306.0
9.0,9.0,0.1725694,3.503e-5,5.175e-11,264.0,340483.0
9.0,9.0,0.17418234,8.221e-5,1.927e-11,262.0,126785.0
9.0,9.0,0.17675075,0.000539,6.178e-11,258.0,406474.0
9.0,9.0,0.17720046,0.0003883,5.499e-11,257.0,361800.0
9.0,9.0,0.17842975,0.0003643,6.605e-11,255.0,434568.0
9.0,9.0,0.17891363,0.0003814,2.988e-11,255.0,196592.0
9.0,9.0,0.18075485,0.0002892,5.792e-11,252.0,381078.0
9.0,9.0,0.18087513,2.252e-6,1.732e-11,252.0,113955.0
9.0,9.0,0.18174448,1.832e-5,2.497e-11,251.0,164287.0
9.0,9.0,0.18298973,0.0001022,3.963e-11,249.0,260741.0
9.0,9.0,0.18382855,1.333e-5,5.449e-11,248.0,358511.0
9.0,9.0,0.18415113,0.0006911,3.092e-11,247.0,203435.0
9.0,9.0,0.18516993,0.0008685,3.699e-11,246.0,243371.0
9.0,9.0,0.18524739,7.89e-5,4.608e-11,246.0,303178.0
9.0,9.0,0.18631903,0.0002494,7.127e-11,244.0,468913.0
9.0,9.0,0.18709953,7.637e-5,1.792e-11,243.0,117903.0
9.0,9.0,0.18732507,3.985e-7,3.367e-11,243.0,221528.0
9.0,9.0,0.18780759,2.234e-5,8.071e-11,243.0,531022.0
9.0,9.0,0.18853204,8.688e-5,3.356e-11,242.0,220804.0
9.0,9.0,0.18890475,0.0005359,7.501e-11,241.0,493520.0
9.0,9.0,0.1891754,0.0003563,4.144e-11,241.0,272650.0
9.0,9.0,0.18992446,0.0003239,6.178e-11,240.0,406474.0
9.0,9.0,0.19044889,0.0003897,5.301e-11,239.0,348773.0
9.0,9.0,0.19073138,0.0006337,7.268e-11,239.0,478190.0
9.0,9.0,0.19166406,4.001e-5,2.745e-11,238.0,180604.0
9.0,9.0,0.19195977,0.001332,2.975e-11,237.0,195737.0
9.0,9.0,0.19209646,0.0002273,3.71e-11,237.0,244095.0
9.0,9.0,0.19284096,0.001938,6.444e-11,236.0,423976.0
9.0,9.0,0.19312026,5.877e-5,4.087e-11,236.0,268899.0
9.0,9.0,0.19360369,0.0001083,4.983e-11,235.0,327851.0
9.0,9.0,0.19367249,5.844e-5,9.996e-11,235.0,657675.0
9.0,9.0,0.19425342,6.45e-5,3.343e-11,234.0,219949.0
9.0,9.0,0.1949273,0.0003036,3.002e-11,234.0,197513.0
9.0,9.0,0.19526994,0.0004289,1.078e-10,233.0,709258.0
9.0,9.0,0.1958978,6.685e-5,4.47e-11,233.0,294099.0
9.0,9.0,0.19630195,3.531e-5,5.974e-11,232.0,393053.0
9.0,9.0,0.1965972,0.0001486,3.843e-11,232.0,252846.0
9.0,9.0,0.19700909,2.145e-5,1.888e-11,231.0,124219.0
9.0,9.0,0.19758911,1.077e-5,1.022e-10,231.0,672413.0
9.0,9.0,0.19839558,1.847e-5,2.378e-11,230.0,156458.0
9.0,9.0,0.1988585,0.000165,1.547e-11,229.0,101783.0
9.0,9.0,0.19899975,0.0001254,4.244e-11,229.0,279229.0
9.0,9.0,0.19931641,0.0001584,1.198e-11,229.0,78821.0
9.0,9.0,0.1997684,2.711e-5,1.721e-11,228.0,113231.0
9.0,9.0,0.20010557,3.004e-7,3.639e-11,228.0,239424.0
9.0,9.0,0.20042998,1.744e-5,3.537e-11,227.0,232713.0
9.0,9.0,0.20081499,7.558e-5,4.76e-11,227.0,313179.0
9.0,9.0,0.20158501,1.249e-5,2.643e-11,226.0,173893.0
9.0,9.0,0.20167522,8.876e-5,5.295e-11,226.0,348378.0
9.0,9.0,0.20197047,1.169e-5,2.588e-11,226.0,170275.0
9.0,9.0,0.20274095,0.0001207,4.192e-11,225.0,275808.0
9.0,9.0,0.20296694,0.0005733,1.155e-10,224.0,759919.0
9.0,9.0,0.2035374,0.0002167,3.104e-10,224.0,2.042241e6
9.0,9.0,0.20382718,0.000122,1.633e-10,223.0,1.074414e6
9.0,9.0,0.20416298,3.784e-5,8.83e-11,223.0,580960.0
9.0,9.0,0.20439171,9.951e-5,4.825e-11,223.0,317455.0
9.0,9.0,0.20450288,0.0001422,6.355e-11,223.0,418120.0
9.0,9.0,0.20520866,0.0001025,2.78e-11,222.0,182907.0
9.0,9.0,0.20613541,8.69e-5,4.389e-11,221.0,288769.0
9.0,9.0,0.20646711,0.0005843,2.48e-10,221.0,1.631688e6
9.0,9.0,0.20675553,8.259e-5,7.598e-11,220.0,499902.0
9.0,9.0,0.20685623,0.000117,5.847e-11,220.0,384697.0
9.0,9.0,0.20734694,0.0005149,1.383e-10,220.0,909929.0
9.0,9.0,0.20763536,1.181e-5,6.386e-11,219.0,420160.0
9.0,9.0,0.20796569,6.262e-5,1.227e-10,219.0,807291.0
9.0,9.0,0.2082172,0.0001573,5.405e-11,219.0,355616.0
9.0,9.0,0.20886146,0.001081,1.863e-10,218.0,1.22574e6
9.0,9.0,0.20931801,5.232e-6,9.875e-11,218.0,649714.0
9.0,9.0,0.20969983,0.0001203,1.085e-10,217.0,713863.0
9.0,9.0,0.20991443,0.000224,9.046e-11,217.0,595171.0
9.0,9.0,0.21026618,0.0001731,1.123e-10,217.0,738865.0
9.0,9.0,0.21053819,1.867e-5,6.881e-11,216.0,452728.0
9.0,9.0,0.21097013,0.0003324,9.876e-11,216.0,649780.0
9.0,9.0,0.21127358,0.0001333,2.357e-10,216.0,1.550761e6
9.0,9.0,0.21156701,0.0001797,1.459e-10,215.0,959932.0
9.0,9.0,0.21171737,0.002351,2.016e-10,215.0,1.326404e6
9.0,9.0,0.21208416,0.001221,5.069e-10,215.0,3.335091e6
9.0,9.0,0.21260768,0.0004003,3.693e-10,214.0,2.429767e6
9.0,9.0,0.21293756,0.0003141,2.432e-10,214.0,1.600107e6
9.0,9.0,0.2132442,3.656e-6,2.787e-10,214.0,1.833675e6
9.0,9.0,0.21394405,0.003115,5.341e-10,213.0,3.51405e6
9.0,9.0,0.21399417,0.001427,3.029e-10,213.0,1.992896e6
9.0,9.0,0.21461884,2.254e-6,1.233e-10,212.0,811238.0
9.0,9.0,0.2146521,1.846e-7,2.359e-10,212.0,1.552077e6
9.0,9.0,0.2150763,0.000215,5.095e-10,212.0,3.352197e6
9.0,9.0,0.21537929,0.0003614,4.086e-10,211.0,2.688337e6
9.0,9.0,0.21568229,2.428e-5,9.459e-11,211.0,622344.0
9.0,9.0,0.21602811,0.0002988,4.861e-10,211.0,3.198239e6
9.0,9.0,0.21628828,8.735e-5,1.667e-10,211.0,1.096784e6
9.0,9.0,0.21648056,6.819e-5,1.69e-10,210.0,1.111916e6
9.0,9.0,0.21684187,3.242e-5,2.767e-10,210.0,1.820516e6
9.0,9.0,0.2171713,0.0001787,4.281e-10,210.0,2.816635e6
9.0,9.0,0.21766064,0.0001425,4.099e-10,209.0,2.69689e6
9.0,9.0,0.21802652,1.673e-6,5.714e-10,209.0,3.759461e6
9.0,9.0,0.21859424,0.003268,4.568e-10,208.0,3.005463e6
9.0,9.0,0.21893778,8.2e-5,4.483e-10,208.0,2.949539e6
9.0,9.0,0.21928862,0.0005722,1.339e-10,208.0,880980.0
9.0,9.0,0.21966543,0.002468,2.564e-10,207.0,1.686954e6
9.0,9.0,0.21973514,0.001083,2.986e-10,207.0,1.964605e6
9.0,9.0,0.22015387,0.002538,8.369e-10,207.0,5.506288e6
9.0,9.0,0.22029101,0.0001582,3.934e-10,207.0,2.58833e6
9.0,9.0,0.22049012,0.0009201,2.228e-10,207.0,1.465887e6
9.0,9.0,0.22096079,0.0004199,3.617e-10,206.0,2.379764e6
9.0,9.0,0.22120638,0.000569,7.431e-10,206.0,4.889142e6
9.0,9.0,0.22128703,3.154e-5,2.063e-10,206.0,1.357327e6
9.0,9.0,0.22198779,8.74e-6,4.237e-10,205.0,2.787686e6
9.0,9.0,0.22210398,0.0003088,6.599e-10,205.0,4.341737e6
9.0,9.0,0.22265848,0.001503,4.49e-10,205.0,2.954144e6
9.0,9.0,0.22271908,0.0005723,3.413e-10,205.0,2.245544e6
9.0,9.0,0.22318109,0.002484,7.418e-10,204.0,4.880588e6
9.0,9.0,0.22329956,0.001817,2.544e-10,204.0,1.673796e6
9.0,9.0,0.22363399,0.0001746,3.647e-10,204.0,2.399502e6
9.0,9.0,0.22386545,0.002226,1.973e-10,203.0,1.298113e6
9.0,9.0,0.22403404,0.003892,3.667e-10,203.0,2.412661e6
9.0,9.0,0.22423497,0.005141,5.569e-10,203.0,3.66406e6
9.0,9.0,0.22462362,0.0002045,6.763e-10,203.0,4.449639e6
9.0,9.0,0.22487832,0.0007559,1.29e-9,203.0,8.487408e6
9.0,9.0,0.22541005,1.026e-5,5.199e-10,202.0,3.420623e6
9.0,9.0,0.22551758,0.004257,6.109e-10,202.0,4.019347e6
9.0,9.0,0.22610261,0.001203,3.972e-10,201.0,2.613332e6
9.0,9.0,0.22630947,0.001379,4.419e-10,201.0,2.907431e6
9.0,9.0,0.22663251,0.0004095,4.111e-10,201.0,2.704785e6
9.0,9.0,0.22701068,0.01203,1.491e-9,201.0,9.809864e6
9.0,9.0,0.22753922,0.001565,1.035e-9,200.0,6.809664e6
9.0,9.0,0.22773058,0.003748,5.153e-10,200.0,3.390357e6
9.0,9.0,0.22793425,0.004576,9.961e-10,200.0,6.553726e6
9.0,9.0,0.22842953,0.0004648,3.258e-10,199.0,2.143564e6
9.0,9.0,0.22864276,4.518e-6,3.862e-10,199.0,2.540959e6
9.0,9.0,0.2289658,0.001013,3.022e-10,199.0,1.98829e6
9.0,9.0,0.22919681,1.44e-5,2.991e-10,199.0,1.967894e6
9.0,9.0,0.22974357,6.674e-5,8.594e-10,198.0,5.654324e6
9.0,9.0,0.23037234,0.001437,4.152e-10,198.0,2.731761e6
9.0,9.0,0.23053227,0.0001608,7.505e-10,198.0,4.937829e6
9.0,9.0,0.23082934,0.0009505,6.241e-10,197.0,4.106195e6
9.0,9.0,0.23097241,0.001051,4.145e-10,197.0,2.727155e6
9.0,9.0,0.23149684,0.000286,7.565e-10,197.0,4.977305e6
9.0,9.0,0.23184404,0.0002001,4.124e-10,196.0,2.713339e6
9.0,9.0,0.23189552,0.0008829,7.515e-10,196.0,4.944408e6
9.0,9.0,0.23233977,9.277e-6,5.529e-10,196.0,3.637742e6
9.0,9.0,0.2324924,1.841e-5,1.204e-9,196.0,7.92158e6
9.0,9.0,0.23258535,5.477e-5,4.048e-10,196.0,2.663335e6
9.0,9.0,0.23295669,0.0007766,1.031e-9,196.0,6.783347e6
9.0,9.0,0.23351575,5.774e-5,7.855e-10,195.0,5.168107e6
9.0,9.0,0.23386112,0.0009775,4.285e-10,195.0,2.819267e6
9.0,9.0,0.23399553,0.0001617,4.956e-10,195.0,3.260744e6
9.0,9.0,0.23446575,0.0002143,5.836e-10,194.0,3.83973e6
9.0,9.0,0.23454639,0.0002028,3.073e-10,194.0,2.021845e6
9.0,9.0,0.23476373,0.0006079,1.288e-9,194.0,8.474249e6
9.0,9.0,0.23504987,0.001548,4.719e-10,194.0,3.104812e6
9.0,9.0,0.23520706,0.001491,1.39e-9,194.0,9.145346e6
9.0,9.0,0.23572329,3.429e-6,3.826e-10,193.0,2.517273e6
9.0,9.0,0.23621538,0.0001751,4.206e-10,193.0,2.76729e6
9.0,9.0,0.23641312,0.0002782,9.367e-10,193.0,6.162911e6
9.0,9.0,0.23663638,0.0005644,6.392e-10,192.0,4.205543e6
9.0,9.0,0.23707333,0.001221,6.763e-10,192.0,4.449639e6
9.0,9.0,0.23727564,4.566e-9,1.204e-9,192.0,7.92158e6
9.0,9.0,0.23760734,0.000628,1.138e-9,192.0,7.487341e6
9.0,9.0,0.23788801,0.0003445,4.516e-10,191.0,2.971251e6
9.0,9.0,0.23807527,1.473e-6,5.938e-10,191.0,3.906839e6
9.0,9.0,0.23831083,3.818e-5,6.01e-10,191.0,3.954211e6
9.0,9.0,0.23875872,7.998e-5,3.296e-10,191.0,2.168566e6
9.0,9.0,0.2390845,0.001154,2.545e-9,191.0,1.6744537e7
9.0,9.0,0.23920661,0.0005982,1.473e-9,190.0,9.691435e6
9.0,9.0,0.23958159,0.00105,4.423e-10,190.0,2.910062e6
9.0,9.0,0.23969368,6.639e-5,5.96e-10,190.0,3.921314e6
9.0,9.0,0.23995157,9.366e-6,5.693e-10,190.0,3.745644e6
9.0,9.0,0.2403425,2.372e-7,9.805e-10,190.0,6.451088e6
9.0,9.0,0.24048648,0.0008152,1.367e-9,189.0,8.99402e6
9.0,9.0,0.24102914,0.0003064,4.26e-10,189.0,2.802818e6
9.0,9.0,0.24112254,0.0003154,6.746e-10,189.0,4.438454e6
9.0,9.0,0.24152487,0.0002293,6.317e-10,189.0,4.156198e6
9.0,9.0,0.24156997,6.433e-5,1.137e-9,189.0,7.480762e6
9.0,9.0,0.24176863,0.0001284,5.659e-10,188.0,3.723274e6
9.0,9.0,0.24221105,9.169e-5,7.308e-10,188.0,4.808215e6
9.0,9.0,0.24247349,7.146e-5,4.403e-10,188.0,2.896904e6
9.0,9.0,0.2425833,9.597e-5,4.572e-10,188.0,3.008095e6
9.0,9.0,0.24302253,0.000361,6.14e-10,187.0,4.039743e6
9.0,9.0,0.24331505,7.246e-6,6.843e-10,187.0,4.502274e6
9.0,9.0,0.2437807,2.135e-7,1.227e-9,187.0,8.072906e6
9.0,9.0,0.24441631,3.495e-5,5.8e-10,186.0,3.816044e6
9.0,9.0,0.244666,0.0004712,5.362e-10,186.0,3.527867e6
9.0,9.0,0.24518679,0.0006279,7.795e-10,186.0,5.128631e6
9.0,9.0,0.24545288,3.438e-5,4.318e-10,186.0,2.840979e6
9.0,9.0,0.24593448,2.443e-5,6.456e-10,185.0,4.247651e6
9.0,9.0,0.24612129,0.0005636,2.809e-10,185.0,1.848149e6
9.0,9.0,0.24636277,7.246e-5,3.017e-10,185.0,1.985001e6
9.0,9.0,0.24659788,0.000472,1.089e-9,185.0,7.164951e6
9.0,9.0,0.24719567,1.141e-6,7.466e-10,184.0,4.912169e6
9.0,9.0,0.2473515,9.792e-5,7.816e-10,184.0,5.142448e6
9.0,9.0,0.24814384,5.115e-5,1.343e-9,184.0,8.836115e6
9.0,9.0,0.24823953,5.471e-6,1.556e-9,183.0,1.0237524e7
9.0,9.0,0.24876533,2.87e-7,9.194e-10,183.0,6.049087e6
9.0,9.0,0.2492287,0.00078,1.047e-9,183.0,6.888617e6
9.0,9.0,0.24931892,0.0004225,9.75e-10,183.0,6.414901e6
9.0,9.0,0.2494875,0.0002124,4.253e-10,183.0,2.798213e6
9.0,9.0,0.25024203,0.001274,1.32e-9,182.0,8.684789e6
9.0,9.0,0.25084939,5.559e-5,3.048e-10,182.0,2.005397e6
9.0,9.0,0.25124807,0.0004501,4.989e-10,181.0,3.282456e6
9.0,9.0,0.25153147,5.142e-6,7.288e-10,181.0,4.795056e6
9.0,9.0,0.25198984,1.424e-5,6.094e-10,181.0,4.009478e6
9.0,9.0,0.25207687,0.0001316,3.588e-10,181.0,2.360684e6
9.0,9.0,0.25273434,0.0001018,1.094e-9,180.0,7.197848e6
9.0,9.0,0.25307607,0.001112,2.273e-9,180.0,1.4954944e7
9.0,9.0,0.25324602,0.0001635,2.653e-10,180.0,1.745511e6
9.0,9.0,0.25405112,3.547e-5,1.059e-9,179.0,6.967569e6
9.0,9.0,0.25452635,6.557e-6,6.624e-10,179.0,4.358185e6
9.0,9.0,0.25488675,2.491e-5,1.055e-9,179.0,6.941252e6
9.0,9.0,0.25501433,0.0001591,7.845e-10,179.0,5.161528e6
9.0,9.0,0.25520934,0.0008237,1.065e-9,178.0,7.007046e6
9.0,9.0,0.2553515,6.592e-7,1.042e-9,178.0,6.85572e6
9.0,9.0,0.25583173,0.001913,1.839e-9,178.0,1.209949e7
9.0,9.0,0.25627279,0.0006908,1.449e-9,178.0,9.53353e6
9.0,9.0,0.25671612,8.977e-6,3.547e-10,177.0,2.333708e6
9.0,9.0,0.25729978,9.253e-5,1.318e-9,177.0,8.67163e6
9.0,9.0,0.25792309,1.998e-5,5.434e-10,177.0,3.575238e6
9.0,9.0,0.25870085,1.687e-5,7.909e-10,176.0,5.203636e6
9.0,9.0,0.25915148,0.0001424,8.347e-10,176.0,5.491813e6
9.0,9.0,0.2595579,0.000108,4.346e-10,175.0,2.859401e6
9.0,9.0,0.2598208,5.431e-7,6.149e-10,175.0,4.045664e6
9.0,9.0,0.26015979,8.972e-7,6.327e-10,175.0,4.162777e6
9.0,9.0,0.26050197,1.163e-6,5.33e-10,175.0,3.506813e6
9.0,9.0,0.2605284,2.794e-6,9.241e-10,175.0,6.08001e6
9.0,9.0,0.26094849,4.097e-6,8.205e-10,175.0,5.398386e6
9.0,9.0,0.26168115,4.143e-7,2.336e-10,174.0,1.536945e6
9.0,9.0,0.26186295,2.498e-5,4.843e-10,174.0,3.186397e6
9.0,9.0,0.26212995,2.955e-6,1.553e-9,174.0,1.0217786e7
9.0,9.0,0.26242975,2.166e-5,6.685e-10,174.0,4.398319e6
9.0,9.0,0.2630567,0.0001356,9.72e-10,173.0,6.395163e6
9.0,9.0,0.26340845,5.258e-5,2.568e-10,173.0,1.689586e6
9.0,9.0,0.26375747,0.000133,8.333e-10,173.0,5.482602e6
9.0,9.0,0.26413838,2.04e-6,1.129e-9,172.0,7.428126e6
9.0,9.0,0.26433156,0.0001004,1.168e-9,172.0,7.684723e6
9.0,9.0,0.26467374,4.741e-5,6.931e-10,172.0,4.560172e6
9.0,9.0,0.26475029,1.509e-6,2.077e-9,172.0,1.3665384e7
9.0,9.0,0.26530616,1.233e-6,1.062e-9,172.0,6.987308e6
9.0,9.0,0.2657823,1.304e-5,1.268e-9,171.0,8.342661e6
9.0,9.0,0.26623611,6.157e-6,7.447e-10,171.0,4.899669e6
9.0,9.0,0.26688721,2.636e-5,1.181e-9,171.0,7.770255e6
9.0,9.0,0.26757795,6.25e-6,5.385e-10,170.0,3.542999e6
9.0,9.0,0.26791101,0.0004317,9.509e-10,170.0,6.256338e6
9.0,9.0,0.26842497,7.355e-8,7.401e-10,170.0,4.869403e6
9.0,9.0,0.26884051,4.483e-5,7.601e-10,169.0,5.000991e6
9.0,9.0,0.26892981,3.693e-5,9.789e-10,169.0,6.440561e6
9.0,9.0,0.26913166,2.84e-7,1.134e-9,169.0,7.461023e6
9.0,9.0,0.27014817,5.884e-6,1.279e-9,169.0,8.415034e6
9.0,9.0,0.27033498,0.0001832,1.732e-9,168.0,1.1395496e7
9.0,9.0,0.27090543,6.191e-5,8.295e-10,168.0,5.4576e6
9.0,9.0,0.27161485,3.991e-5,1.197e-9,168.0,7.875525e6
9.0,9.0,0.27179301,2.389e-5,1.076e-9,168.0,7.079419e6
9.0,9.0,0.27186272,1.032e-5,4.127e-10,168.0,2.715312e6
9.0,9.0,0.27228828,1.234e-5,1.629e-9,167.0,1.0717819e7
9.0,9.0,0.27243955,0.00012,1.704e-9,167.0,1.1211273e7
9.0,9.0,0.27306559,2.13e-6,1.986e-10,167.0,1.306666e6
9.0,9.0,0.27445162,0.0002845,1.24e-9,166.0,8.158438e6
9.0,9.0,0.27532188,0.0007196,2.15e-9,165.0,1.4145679e7
9.0,9.0,0.27569003,1.066e-5,1.996e-9,165.0,1.3132454e7
9.0,9.0,0.27644638,0.0001052,1.258e-9,165.0,8.276867e6
9.0,9.0,0.27680269,0.0001243,1.984e-9,165.0,1.3053501e7
9.0,9.0,0.27794769,1.769e-7,4.557e-10,164.0,2.998226e6
9.0,9.0,0.278227,3.508e-5,1.7e-9,164.0,1.1184956e7
9.0,9.0,0.27901479,8.549e-6,6.084e-10,163.0,4.002898e6
9.0,9.0,0.2795538,5.125e-5,9.545e-10,163.0,6.280024e6
9.0,9.0,0.28020535,1.041e-5,2.718e-10,163.0,1.788277e6
9.0,9.0,0.28103779,6.266e-5,1.123e-9,162.0,7.38865e6
9.0,9.0,0.28194268,1.801e-5,2.043e-9,162.0,1.3441685e7
9.0,9.0,0.28239285,6.406e-8,1.362e-9,161.0,8.961123e6
9.0,9.0,0.28290407,6.176e-5,8.942e-10,161.0,5.883287e6
9.0,9.0,0.28351006,1.96e-5,1.298e-9,161.0,8.540043e6
9.0,9.0,0.28434068,1.3e-5,1.084e-9,160.0,7.132054e6
9.0,9.0,0.2851918,9.837e-5,1.886e-10,160.0,1.240872e6
9.0,9.0,0.2862115,1.808e-6,3.711e-10,159.0,2.44161e6
9.0,9.0,0.28668901,4.287e-5,1.466e-9,159.0,9.645379e6
9.0,9.0,0.28772967,0.0001345,1.251e-9,158.0,8.230812e6
9.0,9.0,0.29047395,9.548e-5,4.152e-9,157.0,2.7317609e7
9.0,9.0,0.29157749,4.835e-5,1.744e-9,156.0,1.1474449e7
9.0,9.0,0.29264413,0.0001999,9.972e-10,156.0,6.560963e6
9.0,9.0,0.29492503,1.47e-6,1.044e-9,154.0,6.868879e6
9.0,9.0,0.29568365,4.982e-5,8.066e-10,154.0,5.306933e6
9.0,9.0,0.29638259,8.82e-5,1.017e-9,154.0,6.691235e6
9.0,9.0,0.29690202,0.0001323,1.391e-9,153.0,9.151926e6
9.0,9.0,0.29803062,1.212e-6,1.35e-9,153.0,8.882171e6
9.0,9.0,0.29840287,3.951e-6,2.759e-11,153.0,181525.0
9.0,9.0,0.3003024,2.692e-6,3.86e-9,152.0,2.5396429e7
9.0,9.0,0.30069379,0.0003059,1.5e-9,151.0,9.869079e6
9.0,9.0,0.30188299,6.866e-6,2.725e-10,151.0,1.792883e6
9.0,9.0,0.30228486,3.76e-6,6.442e-10,151.0,4.23844e6
9.0,9.0,0.30344126,0.0005534,0.0,150.0,0.0
9.0,9.0,0.30530798,6.223e-6,0.0,149.0,0.0
9.0,9.0,0.30761303,2.7e-5,0.0,148.0,0.0
9.0,9.0,0.30815387,5.262e-6,0.0,148.0,0.0
9.0,9.0,0.30979232,0.0005692,0.0,147.0,0.0
9.0,9.0,0.3112303,7.746e-5,0.0,146.0,0.0
9.0,9.0,0.31146313,6.676e-5,0.0,146.0,0.0
9.0,9.0,0.31177068,1.44e-5,0.0,146.0,0.0
9.0,9.0,0.31318724,2.166e-6,0.0,145.0,0.0
9.0,9.0,0.31359184,3.912e-7,0.0,145.0,0.0
9.0,9.0,0.31454594,2.35e-5,0.0,145.0,0.0
9.0,9.0,0.31522483,6.945e-6,0.0,145.0,0.0
9.0,9.0,0.31720137,8.031e-7,0.0,144.0,0.0
9.0,9.0,0.31756542,1.288e-8,0.0,143.0,0.0
9.0,9.0,0.31779004,1.957e-9,0.0,143.0,0.0
9.0,9.0,0.31894188,8.225e-7,0.0,143.0,0.0
9.0,9.0,0.31965495,2.845e-6,0.0,143.0,0.0
9.0,9.0,0.32019897,4.203e-7,0.0,142.0,0.0
9.0,9.0,0.32128156,2.842e-5,0.0,142.0,0.0
9.0,9.0,0.32237963,1.123e-7,0.0,141.0,0.0
9.0,9.0,0.3227569,5.402e-7,0.0,141.0,0.0
9.0,9.0,0.32286397,1.495e-6,0.0,141.0,0.0
9.0,9.0,0.32367545,1.719e-6,0.0,141.0,0.0
9.0,9.0,0.32456257,1.531e-6,0.0,140.0,0.0
9.0,9.0,0.32546108,2.459e-7,0.0,140.0,0.0
9.0,9.0,0.3261664,1.215e-8,0.0,140.0,0.0
9.0,9.0,0.32804497,9.131e-7,0.0,139.0,0.0
9.0,9.0,0.32952077,3.304e-8,0.0,138.0,0.0
9.0,9.0,0.33178116,2.557e-6,0.0,137.0,0.0
9.0,9.0,0.33246461,6.85e-7,0.0,137.0,0.0
9.0,9.0,0.33299861,1.779e-5,0.0,137.0,0.0
9.0,9.0,0.33343237,2.669e-6,0.0,137.0,0.0
9.0,9.0,0.33466577,2.994e-5,0.0,136.0,0.0
9.0,9.0,0.33678629,8.589e-6,0.0,135.0,0.0
9.0,9.0,0.33752623,3.293e-6,0.0,135.0,0.0
9.0,9.0,0.3392344,5.22e-6,0.0,134.0,0.0
9.0,9.0,0.33940344,6.97e-7,0.0,134.0,0.0
9.0,9.0,0.34231174,7.213e-7,0.0,133.0,0.0
9.0,9.0,0.34385315,1.015e-6,0.0,132.0,0.0
9.0,9.0,0.34565837,4.459e-6,0.0,132.0,0.0
9.0,9.0,0.34676555,3.472e-5,0.0,131.0,0.0
9.0,9.0,0.34722483,0.0001721,0.0,131.0,0.0
9.0,9.0,0.34795248,9.394e-5,0.0,131.0,0.0
9.0,9.0,0.34990213,5.663e-5,0.0,130.0,0.0
9.0,9.0,0.35192605,6.917e-5,0.0,129.0,0.0
9.0,9.0,0.3529371,5.256e-6,0.0,129.0,0.0
9.0,9.0,0.35356496,5.633e-7,0.0,129.0,0.0
9.0,9.0,0.3548904,1.928e-5,0.0,128.0,0.0
9.0,9.0,0.35514646,9.05e-6,0.0,128.0,0.0
9.0,9.0,0.35615204,5.227e-6,0.0,128.0,0.0
9.0,9.0,0.35702048,2.482e-6,0.0,128.0,0.0
9.0,9.0,0.36031562,2.694e-7,0.0,126.0,0.0
9.0,9.0,0.36279745,2.787e-6,0.0,126.0,0.0
9.0,9.0,0.36292411,1.338e-6,0.0,126.0,0.0
9.0,9.0,0.36436801,1.231e-5,0.0,125.0,0.0
9.0,9.0,0.36592491,2.99e-6,0.0,124.0,0.0
9.0,9.0,0.36767363,2.913e-5,0.0,124.0,0.0
9.0,9.0,0.36831379,1.159e-6,0.0,124.0,0.0
9.0,9.0,0.37126584,1.774e-5,0.0,123.0,0.0
9.0,9.0,0.37314305,5.338e-7,0.0,122.0,0.0
9.0,9.0,0.37457601,2.049e-6,0.0,122.0,0.0
9.0,9.0,0.37704964,6.632e-7,0.0,121.0,0.0
9.0,9.0,0.38075849,6.159e-6,0.0,120.0,0.0
9.0,9.0,0.38354286,5.989e-6,0.0,119.0,0.0
9.0,9.0,0.38475758,5.06e-8,0.0,118.0,0.0
9.0,9.0,0.39090179,1.611e-6,0.0,117.0,0.0
9.0,9.0,0.39258353,6.854e-7,0.0,116.0,0.0
9.0,9.0,0.39762738,5.444e-8,0.0,115.0,0.0
9.0,9.0,0.39973696,5.639e-9,0.0,114.0,0.0
9.0,9.0,0.39998528,2.33e-6,0.0,114.0,0.0
9.0,9.0,0.40166201,1.47e-6,0.0,113.0,0.0
9.0,9.0,0.40283253,1.101e-7,0.0,113.0,0.0
9.0,9.0,0.40359025,2.103e-6,0.0,113.0,0.0
9.0,9.0,0.40494621,4.766e-8,0.0,112.0,0.0
9.0,9.0,0.40597412,2.759e-9,0.0,112.0,0.0
9.0,9.0,0.40599052,6.836e-8,0.0,112.0,0.0
9.0,9.0,0.41124579,3.009e-9,0.0,111.0,0.0
9.0,9.0,0.41193516,2.079e-9,0.0,111.0,0.0
9.0,9.0,0.4122737,6.369e-8,0.0,110.0,0.0
9.0,9.0,0.41626094,3.471e-9,0.0,109.0,0.0
9.0,9.0,0.41884392,3.32e-7,0.0,109.0,0.0
9.0,9.0,0.41901114,3.511e-7,0.0,109.0,0.0
9.0,9.0,0.42121321,3.938e-7,0.0,108.0,0.0
9.0,9.0,0.4221386,7.557e-7,0.0,108.0,0.0
9.0,9.0,0.42288812,4.563e-7,0.0,108.0,0.0
9.0,9.0,0.42445322,6.587e-8,0.0,107.0,0.0
9.0,9.0,0.42589074,1.323e-6,0.0,107.0,0.0
9.0,9.0,0.42703711,6.45e-7,0.0,107.0,0.0
9.0,9.0,0.43141802,1.662e-5,0.0,106.0,0.0
9.0,9.0,0.43499383,7.468e-9,0.0,105.0,0.0
9.0,9.0,0.43640355,2.411e-5,0.0,104.0,0.0
9.0,9.0,0.43858968,2.486e-5,0.0,104.0,0.0
9.0,9.0,0.4410018,1.25e-5,0.0,103.0,0.0
9.0,9.0,0.44205067,1.612e-6,0.0,103.0,0.0
9.0,10.0,0.052320538,0.0001821,6.457e-12,871.0,42483.0
9.0,10.0,0.060400319,0.1261,3.763e-11,754.0,247582.0
9.0,10.0,0.068060052,0.3085,7.01e-12,669.0,46121.0
9.0,10.0,0.07386167,0.06738,6.82e-11,617.0,448714.0
9.0,10.0,0.075683882,1.859,2.339e-11,602.0,153892.0
9.0,10.0,0.081985237,0.1038,2.709e-11,556.0,178236.0
9.0,10.0,0.083573573,0.08256,1.305e-11,545.0,85861.0
9.0,10.0,0.086261078,0.217,4.153e-11,528.0,273242.0
9.0,10.0,0.09177797,0.1361,3.258e-11,496.0,214356.0
9.0,10.0,0.096959153,0.2398,6.696e-11,470.0,440556.0
9.0,10.0,0.099737328,5.994,1.532e-9,457.0,1.0079619e7
9.0,10.0,0.10476888,29.1,1.722e-9,435.0,1.1329702e7
9.0,10.0,0.10810329,0.002939,1.794e-10,421.0,1.180342e6
9.0,10.0,0.11048397,0.7092,3.057e-9,412.0,2.0113182e7
9.0,10.0,0.11063889,0.2392,1.361e-9,412.0,8.954544e6
9.0,10.0,0.1186398,12.99,7.193e-10,384.0,4.732552e6
9.0,10.0,0.12308996,6.515,1.047e-9,370.0,6.888617e6
9.0,10.0,0.12841722,104.8,5.515e-9,355.0,3.6285312e7
9.0,10.0,0.13983219,0.9574,6.64e-9,326.0,4.3687121e7
9.0,10.0,0.16711092,0.0002056,4.072e-11,273.0,267913.0
9.0,10.0,0.17063342,3.514e-5,3.466e-11,267.0,228042.0
9.0,10.0,0.17209008,7.127e-5,2.69e-11,265.0,176985.0
9.0,10.0,0.17579802,6.809e-5,2.477e-11,259.0,162971.0
9.0,10.0,0.1767954,0.0001192,3.798e-11,258.0,249885.0
9.0,10.0,0.17757134,0.001604,5.499e-11,257.0,361800.0
9.0,10.0,0.17873822,0.000112,3.236e-11,255.0,212909.0
9.0,10.0,0.18160825,0.0001095,2.447e-11,251.0,160998.0
9.0,10.0,0.18214453,0.0002329,3.426e-11,250.0,225410.0
9.0,10.0,0.18297788,5.813e-5,6.035e-11,249.0,397066.0
9.0,10.0,0.18318565,0.001101,2.845e-10,249.0,1.871835e6
9.0,10.0,0.18348591,7.135e-5,3.018e-11,248.0,198566.0
9.0,10.0,0.18484688,2.519e-7,1.775e-10,246.0,1.167841e6
9.0,10.0,0.18603609,0.0005001,2.017e-11,245.0,132706.0
9.0,10.0,0.1866685,1.882e-5,2.365e-11,244.0,155602.0
9.0,10.0,0.18718884,0.001197,7.149e-11,243.0,470360.0
9.0,10.0,0.1874449,0.0009229,3.834e-11,243.0,252254.0
9.0,10.0,0.18832291,0.0002493,1.365e-11,242.0,89809.0
9.0,10.0,0.18886101,0.0002958,4.954e-11,241.0,325943.0
9.0,10.0,0.18934808,8.864e-5,1.055e-10,241.0,694125.0
9.0,10.0,0.18949388,6.089e-6,2.643e-11,240.0,173893.0
9.0,10.0,0.19068901,2.252e-5,8.439e-11,239.0,555234.0
9.0,10.0,0.19088311,0.0004639,7.6e-11,239.0,500033.0
9.0,10.0,0.19170461,5.44e-6,1.816e-10,238.0,1.194816e6
9.0,10.0,0.19243135,5.495e-5,1.239e-10,237.0,815186.0
9.0,10.0,0.19260813,3.533e-6,1.557e-11,236.0,102441.0
9.0,10.0,0.19284734,0.0001206,5.541e-11,236.0,364564.0
9.0,10.0,0.19383379,0.0004228,6.217e-11,235.0,409040.0
9.0,10.0,0.19400374,0.0002496,6.873e-11,235.0,452201.0
9.0,10.0,0.19527905,0.0001767,3.932e-11,233.0,258701.0
9.0,10.0,0.19593744,2.654e-5,5.99e-11,232.0,394105.0
9.0,10.0,0.19636346,0.0001857,3.96e-11,232.0,260544.0
9.0,10.0,0.19683185,0.0003656,3.343e-11,231.0,219949.0
9.0,10.0,0.19709156,0.0006759,2.461e-11,231.0,161919.0
9.0,10.0,0.19727791,0.000533,8.383e-11,231.0,551550.0
9.0,10.0,0.19857601,0.001435,1.021e-10,229.0,671755.0
9.0,10.0,0.19864071,0.0005815,5.512e-11,229.0,362656.0
9.0,10.0,0.19879927,1.546e-5,2.595e-11,229.0,170735.0
9.0,10.0,0.19954879,0.0001491,5.843e-11,228.0,384434.0
9.0,10.0,0.20006593,4.87e-5,5.398e-11,228.0,355155.0
9.0,10.0,0.20048739,6.387e-7,6.318e-11,227.0,415686.0
9.0,10.0,0.2010141,0.001863,9.76e-11,227.0,642148.0
9.0,10.0,0.20146563,0.0003994,9.446e-11,226.0,621489.0
9.0,10.0,0.20207254,2.081e-5,6.734e-11,225.0,443056.0
9.0,10.0,0.20254093,0.0001014,6.976e-11,225.0,458978.0
9.0,10.0,0.20281795,0.0002266,7.07e-11,225.0,465163.0
9.0,10.0,0.20356565,0.0001412,3.983e-11,224.0,262057.0
9.0,10.0,0.20376293,0.0008436,8.924e-11,224.0,587144.0
9.0,10.0,0.20425775,3.767e-5,1.685e-10,223.0,1.108626e6
9.0,10.0,0.20452657,1.86e-5,1.366e-10,223.0,898744.0
9.0,10.0,0.20543237,0.0002091,9.956e-11,222.0,655044.0
9.0,10.0,0.20570484,0.004195,5.982e-10,221.0,3.935789e6
9.0,10.0,0.20644342,0.0002586,3.34e-10,221.0,2.197515e6
9.0,10.0,0.20682342,0.0001119,6.365e-11,220.0,418778.0
9.0,10.0,0.20707994,0.001348,1.31e-10,220.0,861900.0
9.0,10.0,0.20762533,1.745e-8,4.906e-11,219.0,322785.0
9.0,10.0,0.20799895,0.0005055,1.325e-10,219.0,871769.0
9.0,10.0,0.20916355,0.001539,6.361e-11,218.0,418515.0
9.0,10.0,0.20947748,0.0003159,1.222e-10,217.0,804001.0
9.0,10.0,0.20982239,0.0003364,1.011e-10,217.0,665176.0
9.0,10.0,0.2105104,0.001054,1.678e-10,216.0,1.104021e6
9.0,10.0,0.21068126,0.0008026,1.036e-10,216.0,681624.0
9.0,10.0,0.21132826,0.0001669,1.591e-10,216.0,1.04678e6
9.0,10.0,0.21204315,0.002785,3.718e-10,215.0,2.446216e6
9.0,10.0,0.21267784,0.0009148,2.357e-10,214.0,1.550761e6
9.0,10.0,0.21297537,0.00161,1.339e-10,214.0,880980.0
9.0,10.0,0.21323782,5.934e-5,2.239e-10,214.0,1.473124e6
9.0,10.0,0.21352259,0.001896,2.351e-10,213.0,1.546814e6
9.0,10.0,0.21373947,0.0003626,4.417e-10,213.0,2.906115e6
9.0,10.0,0.21425661,0.0007901,2.209e-10,213.0,1.453386e6
9.0,10.0,0.21448944,2.305e-6,8.118e-11,212.0,534115.0
9.0,10.0,0.21537428,0.001085,1.558e-10,211.0,1.025068e6
9.0,10.0,0.21552054,0.0001128,3.444e-10,211.0,2.26594e6
9.0,10.0,0.21597389,3.688e-5,4.047e-10,211.0,2.662677e6
9.0,10.0,0.21625912,0.0003138,8.111e-11,211.0,533654.0
9.0,10.0,0.2166095,0.0002381,5.636e-10,210.0,3.708142e6
9.0,10.0,0.21710477,0.0002581,2.618e-10,210.0,1.722483e6
9.0,10.0,0.21750937,0.0003654,2.982e-10,209.0,1.961973e6
9.0,10.0,0.21829443,0.0002604,1.18e-9,209.0,7.763675e6
9.0,10.0,0.21865711,0.0006253,3.119e-10,208.0,2.05211e6
9.0,10.0,0.21915466,0.0003473,1.557e-9,208.0,1.0244104e7
9.0,10.0,0.21940982,5.214e-5,7.941e-10,208.0,5.22469e6
9.0,10.0,0.21975109,2.594e-5,2.281e-10,207.0,1.500758e6
9.0,10.0,0.22037303,0.001474,9.039e-10,207.0,5.947107e6
9.0,10.0,0.22071338,9.932e-5,8.532e-10,206.0,5.613532e6
9.0,10.0,0.22101638,0.0002864,4.027e-10,206.0,2.649519e6
9.0,10.0,0.22130343,7.385e-6,2.447e-10,206.0,1.609976e6
9.0,10.0,0.22191307,6.766e-7,5.234e-10,205.0,3.44365e6
9.0,10.0,0.22218098,0.00156,3.761e-10,205.0,2.474507e6
9.0,10.0,0.22261838,2.585e-5,1.052e-9,205.0,6.921514e6
9.0,10.0,0.22330685,0.001757,5.791e-10,204.0,3.810122e6
9.0,10.0,0.22374744,6.277e-5,7.159e-10,204.0,4.710182e6
9.0,10.0,0.22387092,3.007e-6,6.888e-10,203.0,4.531881e6
9.0,10.0,0.22452475,0.0005397,1.071e-9,203.0,7.046522e6
9.0,10.0,0.22463137,0.0004333,4.487e-10,203.0,2.95217e6
9.0,10.0,0.22493938,2.046e-5,1.657e-10,203.0,1.090204e6
9.0,10.0,0.22539137,4.464e-5,8.498e-10,202.0,5.591162e6
9.0,10.0,0.22578048,0.0006198,3.9e-10,202.0,2.56596e6
9.0,10.0,0.22580371,0.0002246,5.344e-10,202.0,3.516024e6
9.0,10.0,0.22661565,7.327e-5,4.028e-10,201.0,2.650177e6
9.0,10.0,0.22723121,9.888e-6,1.453e-10,200.0,955985.0
9.0,10.0,0.22743989,0.0006835,5.13e-10,200.0,3.375225e6
9.0,10.0,0.22769778,0.0007949,8.279e-10,200.0,5.447073e6
9.0,10.0,0.22804725,0.001391,9.921e-10,200.0,6.527409e6
9.0,10.0,0.22881864,4.48e-6,2.359e-10,199.0,1.552077e6
9.0,10.0,0.22897401,0.00439,1.013e-9,199.0,6.664918e6
9.0,10.0,0.22933806,0.002183,7.327e-10,199.0,4.820716e6
9.0,10.0,0.22960232,0.0003731,4.294e-10,198.0,2.825188e6
9.0,10.0,0.23046165,0.0008793,5.895e-10,198.0,3.878548e6
9.0,10.0,0.23052954,0.001878,8.833e-10,198.0,5.811571e6
9.0,10.0,0.23103757,0.01379,2.688e-9,197.0,1.7685389e7
9.0,10.0,0.23154195,0.001371,1.097e-9,197.0,7.217586e6
9.0,10.0,0.23180121,0.0006135,5.572e-10,197.0,3.666034e6
9.0,10.0,0.23229238,0.0006788,3.209e-10,196.0,2.111325e6
9.0,10.0,0.2324555,0.0001028,1.729e-10,196.0,1.137576e6
9.0,10.0,0.23281271,0.0005354,6.33e-10,196.0,4.164751e6
9.0,10.0,0.23321185,0.0033,1.579e-9,195.0,1.038885e7
9.0,10.0,0.23369208,0.0005539,1.171e-9,195.0,7.704461e6
9.0,10.0,0.23429215,0.0001092,1.261e-9,194.0,8.296605e6
9.0,10.0,0.23469083,3.41e-5,2.724e-9,194.0,1.7922247e7
9.0,10.0,0.23481613,0.004132,1.08e-9,194.0,7.105737e6
9.0,10.0,0.23562852,0.001517,9.483e-10,193.0,6.239231e6
9.0,10.0,0.23578891,0.001893,8.035e-10,193.0,5.286536e6
9.0,10.0,0.23605682,0.000367,5.955e-10,193.0,3.918024e6
9.0,10.0,0.2368929,0.001168,1.399e-9,192.0,9.204561e6
9.0,10.0,0.23709612,0.0001798,1.429e-9,192.0,9.401942e6
9.0,10.0,0.23742189,0.0003105,5.691e-10,192.0,3.744328e6
9.0,10.0,0.2377176,0.002139,7.181e-10,192.0,4.724657e6
9.0,10.0,0.23847532,0.002838,1.303e-9,191.0,8.57294e6
9.0,10.0,0.23886625,0.0001102,9.661e-10,191.0,6.356345e6
9.0,10.0,0.23945037,0.0004643,5.091e-10,190.0,3.349565e6
9.0,10.0,0.23947406,2.084e-5,5.432e-10,190.0,3.573922e6
9.0,10.0,0.23997754,3.257e-5,9.317e-10,190.0,6.130014e6
9.0,10.0,0.2401361,0.000675,4.878e-10,190.0,3.209424e6
9.0,10.0,0.24065506,0.003775,4.044e-9,189.0,2.6607036e7
9.0,10.0,0.24077581,0.001619,1.486e-9,189.0,9.776967e6
9.0,10.0,0.24150846,0.0004003,1.042e-9,189.0,6.85572e6
9.0,10.0,0.24188801,5.755e-5,8.836e-10,188.0,5.813545e6
9.0,10.0,0.24206935,2.752e-5,4.937e-10,188.0,3.248243e6
9.0,10.0,0.24254457,0.0006437,1.176e-9,188.0,7.737358e6
9.0,10.0,0.24305853,1.397e-5,2.011e-9,187.0,1.3231145e7
9.0,10.0,0.24395248,0.0001515,2.502e-9,187.0,1.6461623e7
9.0,10.0,0.24425547,0.0001681,9.151e-10,186.0,6.020796e6
9.0,10.0,0.24449468,0.00179,1.877e-9,186.0,1.2349507e7
9.0,10.0,0.24519499,0.0002187,1.389e-9,186.0,9.138767e6
9.0,10.0,0.24608803,0.0001782,1.453e-9,185.0,9.559847e6
9.0,10.0,0.2461746,0.000252,6.373e-10,185.0,4.193043e6
9.0,10.0,0.24680474,6.069e-5,1.215e-9,185.0,7.993954e6
9.0,10.0,0.24732143,2.22e-6,3.033e-10,184.0,1.995528e6
9.0,10.0,0.24808461,9.996e-5,2.701e-10,184.0,1.777092e6
9.0,10.0,0.24841996,0.0001281,6.524e-10,183.0,4.292391e6
9.0,10.0,0.24916674,0.0001149,9.184e-10,183.0,6.042508e6
9.0,10.0,0.24959503,7.663e-7,8.736e-10,183.0,5.747751e6
9.0,10.0,0.25032496,0.0006393,7.218e-10,182.0,4.749001e6
9.0,10.0,0.25072637,6.478e-5,1.237e-9,182.0,8.1387e6
9.0,10.0,0.2515579,1.738e-5,2.539e-9,181.0,1.670506e7
9.0,10.0,0.25187092,0.0003337,1.87e-9,181.0,1.2303451e7
9.0,10.0,0.25210694,1.768e-6,2.159e-9,181.0,1.4204894e7
9.0,10.0,0.25303324,1.288e-5,7.91e-10,180.0,5.204294e6
9.0,10.0,0.25329295,2.185e-6,6.397e-10,180.0,4.208833e6
9.0,10.0,0.25376407,3.836e-6,4.814e-10,180.0,3.167316e6
9.0,10.0,0.25411947,0.0003314,1.532e-9,179.0,1.0079619e7
9.0,10.0,0.25517836,3.071e-5,2.427e-10,179.0,1.596817e6
9.0,10.0,0.25542531,3.884e-5,1.407e-9,178.0,9.257196e6
9.0,10.0,0.25659811,0.001925,2.836e-9,178.0,1.8659138e7
9.0,10.0,0.25732257,0.0004149,9.489e-10,177.0,6.243179e6
9.0,10.0,0.25777911,0.0002323,1.062e-9,177.0,6.987308e6
9.0,10.0,0.258037,9.885e-5,1.928e-9,177.0,1.2685056e7
9.0,10.0,0.25863524,2.159e-5,1.469e-9,176.0,9.665118e6
9.0,10.0,0.25923076,1.855e-5,2.507e-9,176.0,1.649452e7
9.0,10.0,0.25962214,2.007e-7,1.292e-9,175.0,8.500566e6
9.0,10.0,0.26033612,0.0004353,2.459e-9,175.0,1.6178709e7
9.0,10.0,0.26083777,1.163e-5,1.33e-9,175.0,8.750583e6
9.0,10.0,0.26116446,0.000955,1.226e-9,174.0,8.066327e6
9.0,10.0,0.26121139,0.0003805,6.019e-10,174.0,3.960132e6
9.0,10.0,0.26222608,4.898e-7,1.245e-9,174.0,8.191335e6
9.0,10.0,0.26269903,0.0002249,1.762e-9,173.0,1.1592878e7
9.0,10.0,0.26309771,3.585e-5,1.919e-10,173.0,1.262584e6
9.0,10.0,0.26342212,6.448e-5,3.552e-10,173.0,2.336998e6
9.0,10.0,0.26380759,0.0001239,6.781e-10,173.0,4.461481e6
9.0,10.0,0.26454207,1.905e-6,3.306e-9,172.0,2.1751449e7
9.0,10.0,0.26542463,0.0001358,2.254e-9,172.0,1.4829935e7
9.0,10.0,0.26585019,2.967e-6,7.556e-10,171.0,4.971384e6
9.0,10.0,0.26698107,1.106e-5,1.766e-11,171.0,116192.0
9.0,10.0,0.2671255,6.404e-5,1.256e-9,171.0,8.263708e6
9.0,10.0,0.26959184,2.762e-5,9.315e-10,169.0,6.128698e6
9.0,10.0,0.26979004,6.043e-6,9.407e-10,169.0,6.189228e6
9.0,10.0,0.27090862,4.123e-5,1.528e-9,168.0,1.0053301e7
9.0,10.0,0.27117745,2.695e-5,8.528e-10,168.0,5.6109e6
9.0,10.0,0.27314897,0.000239,4.429e-9,167.0,2.9140099e7
9.0,10.0,0.27369299,1.739e-5,5.556e-10,166.0,3.655507e6
9.0,10.0,0.27494325,0.0001226,3.394e-9,166.0,2.2330435e7
9.0,10.0,0.27568912,0.0003463,1.948e-9,165.0,1.2816643e7
9.0,10.0,0.27634387,8.238e-5,3.579e-9,165.0,2.3547621e7
9.0,10.0,0.27656257,1.327e-9,8.928e-10,165.0,5.874076e6
9.0,10.0,0.27734854,0.0001029,2.684e-10,164.0,1.765907e6
9.0,10.0,0.27770302,0.0003482,1.61e-9,164.0,1.0592811e7
9.0,10.0,0.27979802,0.0005896,9.749e-10,163.0,6.414243e6
9.0,10.0,0.28230855,7.423e-6,3.576e-9,161.0,2.3527883e7
9.0,10.0,0.28321253,6.424e-5,1.454e-9,161.0,9.566427e6
9.0,10.0,0.28669311,0.0003487,5.247e-9,159.0,3.4522037e7
9.0,10.0,0.29001103,4.542e-7,8.23e-10,157.0,5.414834e6
9.0,10.0,0.29144445,1.063e-5,1.182e-9,156.0,7.776834e6
9.0,10.0,0.29393721,0.0001466,3.908e-10,155.0,2.571224e6
9.0,10.0,0.29669926,0.0001425,5.905e-9,154.0,3.8851273e7
9.0,10.0,0.29752168,3.558e-5,5.733e-10,153.0,3.771962e6
9.0,10.0,0.29858011,0.0008513,3.778e-9,153.0,2.4856919e7
9.0,10.0,0.3033925,0.0002814,0.0,150.0,0.0
9.0,10.0,0.30399121,3.553e-5,0.0,150.0,0.0
9.0,10.0,0.30556451,4.018e-6,0.0,149.0,0.0
9.0,10.0,0.30814248,0.0002763,0.0,148.0,0.0
9.0,10.0,0.31027119,2.357e-6,0.0,147.0,0.0
9.0,10.0,0.31162989,0.001597,0.0,146.0,0.0
9.0,10.0,0.31287058,1.647e-5,0.0,146.0,0.0
9.0,10.0,0.31296763,1.627e-5,0.0,146.0,0.0
9.0,10.0,0.31524306,4.134e-6,0.0,144.0,0.0
9.0,10.0,0.31594701,9.15e-7,0.0,144.0,0.0
9.0,10.0,0.3166341,5.04e-6,0.0,144.0,0.0
9.0,10.0,0.31803107,4.061e-6,0.0,143.0,0.0
9.0,10.0,0.31897378,6.292e-8,0.0,143.0,0.0
9.0,10.0,0.31956473,8.084e-6,0.0,143.0,0.0
9.0,10.0,0.32348955,1.177e-7,0.0,141.0,0.0
9.0,10.0,0.32528657,6.198e-7,0.0,140.0,0.0
9.0,10.0,0.32562511,7.15e-7,0.0,140.0,0.0
9.0,10.0,0.32853113,5.091e-6,0.0,139.0,0.0
9.0,10.0,0.33044297,2.562e-10,0.0,138.0,0.0
9.0,10.0,0.33099519,1.145e-7,0.0,138.0,0.0
9.0,10.0,0.33354856,5.747e-6,0.0,137.0,0.0
9.0,10.0,0.33377956,2.041e-8,0.0,136.0,0.0
9.0,10.0,0.33561987,1.247e-5,0.0,136.0,0.0
9.0,10.0,0.33839057,2.107e-7,0.0,135.0,0.0
9.0,10.0,0.33906263,9.893e-7,0.0,134.0,0.0
9.0,10.0,0.34161098,4.746e-8,0.0,133.0,0.0
9.0,10.0,0.3456128,2.286e-7,0.0,132.0,0.0
9.0,10.0,0.34826003,7.461e-7,0.0,131.0,0.0
9.0,10.0,0.35051313,4.411e-7,0.0,130.0,0.0
9.0,10.0,0.35172512,3.007e-6,0.0,130.0,0.0
9.0,10.0,0.35331209,3.993e-5,0.0,129.0,0.0
9.0,10.0,0.3563024,9.393e-6,0.0,128.0,0.0
9.0,10.0,0.35774995,1.356e-5,0.0,127.0,0.0
9.0,10.0,0.36265484,3.359e-7,0.0,126.0,0.0
9.0,10.0,0.36320342,9.907e-7,0.0,125.0,0.0
9.0,10.0,0.36687172,1.086e-6,0.0,124.0,0.0
9.0,10.0,0.36765176,8.386e-7,0.0,124.0,0.0
9.0,10.0,0.36886374,2.197e-5,0.0,123.0,0.0
9.0,10.0,0.3770059,3.324e-5,0.0,121.0,0.0
9.0,10.0,0.38577091,6.858e-8,0.0,118.0,0.0
9.0,10.0,0.3927635,2.469e-6,0.0,116.0,0.0
9.0,10.0,0.39708472,1.687e-6,0.0,115.0,0.0
9.0,10.0,0.39882388,1.008e-6,0.0,114.0,0.0
9.0,10.0,0.40122005,3.778e-6,0.0,114.0,0.0
9.0,10.0,0.40266668,1.02e-7,0.0,113.0,0.0
9.0,10.0,0.41003016,7.807e-8,0.0,111.0,0.0
9.0,10.0,0.41218622,1.187e-6,0.0,111.0,0.0
9.0,10.0,0.41466167,7.927e-6,0.0,110.0,0.0
9.0,10.0,0.41506217,1.059e-5,0.0,110.0,0.0
9.0,10.0,0.41641267,1.073e-6,0.0,109.0,0.0
9.0,10.0,0.41811673,5.618e-5,0.0,109.0,0.0
9.0,10.0,0.42984518,3.038e-6,0.0,106.0,0.0
9.0,10.0,0.43279631,1.84e-5,0.0,105.0,0.0
9.0,10.0,0.43653979,7.428e-5,0.0,104.0,0.0
9.0,10.0,0.44167158,3.477e-5,0.0,103.0,0.0
9.0,10.0,0.44818166,2.487e-5,0.0,102.0,0.0
9.0,10.0,0.45013724,0.0001108,0.0,101.0,0.0
