J, Jp,  transition energy (au), line strength (au), the level inverse lifetime (au), transition energy (nm) ,linewidth (Hz)
8.0,7.0,0.038816312,0.0008438,2.025e-15,1174.0,13.0
8.0,7.0,0.057660918,5.281e-5,1.55e-15,790.0,10.0
8.0,7.0,0.065464449,0.04829,4.645e-13,696.0,3056.0
8.0,7.0,0.069232623,0.6022,7.029e-12,658.0,46247.0
8.0,7.0,0.076062741,2.109,3.21e-11,599.0,211198.0
8.0,7.0,0.080591867,0.1712,3.628e-12,565.0,23870.0
8.0,7.0,0.083562137,0.4496,9.982e-12,545.0,65675.0
8.0,7.0,0.083990249,0.07983,1.765e-12,542.0,11613.0
8.0,7.0,0.085918852,0.5163,1.159e-11,530.0,76255.0
8.0,7.0,0.090705137,0.07434,4.211e-12,502.0,27706.0
8.0,7.0,0.093338193,0.1735,5.82e-12,488.0,38292.0
8.0,7.0,0.09461802,0.0002704,2.697e-11,481.0,177446.0
8.0,7.0,0.098759677,8.192,2.764e-10,461.0,1.818542e6
8.0,7.0,0.099252352,4.76,1.619e-10,459.0,1.065203e6
8.0,7.0,0.10051846,0.04669,2.056e-12,453.0,13527.0
8.0,7.0,0.10698152,0.1057,4.917e-12,426.0,32351.0
8.0,7.0,0.11258216,92.86,4.639e-9,405.0,3.052177e7
8.0,7.0,0.11348381,4.648,2.371e-10,401.0,1.559972e6
8.0,7.0,0.12496676,0.001763,4.346e-11,365.0,285940.0
8.0,7.0,0.12682506,0.007125,4.949e-9,359.0,3.256138e7
8.0,7.0,0.14015583,0.008229,1.862e-11,325.0,122508.0
8.0,7.0,0.14115002,0.001968,1.884e-12,323.0,12396.0
8.0,7.0,0.14443695,0.7693,1.721e-10,315.0,1.132312e6
8.0,7.0,0.15357193,6.02,7.956e-10,297.0,5.234559e6
8.0,7.0,0.15761841,0.4404,3.249e-10,289.0,2.137642e6
8.0,7.0,0.15873471,0.0008164,2.782e-11,287.0,183039.0
8.0,7.0,0.16125026,4.737,6.988e-10,282.0,4.597675e6
8.0,7.0,0.16211687,0.5586,1.226e-10,281.0,806633.0
8.0,7.0,0.16226222,0.06798,1.892e-11,281.0,124482.0
8.0,7.0,0.16643217,1.38,2.226e-10,274.0,1.464571e6
8.0,7.0,0.16893633,8.361,1.409e-9,270.0,9.270354e6
8.0,7.0,0.16945165,0.04591,4.305e-11,269.0,283243.0
8.0,7.0,0.1696339,0.3176,6.05e-11,269.0,398053.0
8.0,7.0,0.1699214,0.1578,3.671e-11,268.0,241529.0
8.0,7.0,0.17483996,2.048,5.851e-10,261.0,3.849599e6
8.0,7.0,0.17584736,0.05283,1.427e-11,259.0,93888.0
8.0,7.0,0.17738467,9.097e-5,6.07e-12,257.0,39937.0
8.0,7.0,0.17826905,0.07905,5.919e-11,256.0,389434.0
8.0,7.0,0.17843581,0.02207,1.04e-10,255.0,684256.0
8.0,7.0,0.17986377,0.002979,4.347e-11,253.0,286006.0
8.0,7.0,0.1821638,0.1649,1.484e-10,250.0,976381.0
8.0,7.0,0.18441235,0.007233,1.373e-11,247.0,90335.0
8.0,7.0,0.1855528,0.0411,5.044e-10,245.0,3.318642e6
8.0,7.0,0.1864226,0.07494,3.107e-10,244.0,2.044215e6
8.0,7.0,0.18694977,0.0009504,2.9e-11,244.0,190802.0
8.0,7.0,0.18925345,0.1149,9.269e-10,241.0,6.098433e6
8.0,7.0,0.1904832,0.00506,2.7e-10,239.0,1.776434e6
8.0,7.0,0.19065953,0.162,7.342e-10,239.0,4.830585e6
8.0,7.0,0.19209842,0.003078,4.238e-12,237.0,27883.0
8.0,7.0,0.1933145,0.005443,2.229e-10,236.0,1.466545e6
8.0,7.0,0.19479121,0.1644,4.287e-10,234.0,2.820583e6
8.0,7.0,0.19522406,0.1107,3.722e-10,233.0,2.448847e6
8.0,7.0,0.19578312,0.003863,4.843e-10,233.0,3.186397e6
8.0,7.0,0.19628705,0.7239,5.385e-10,232.0,3.542999e6
8.0,7.0,0.19773961,0.2299,4.752e-10,230.0,3.126524e6
8.0,7.0,0.19963322,0.003094,3.114e-11,228.0,204882.0
8.0,7.0,0.19996993,0.6335,3.602e-10,228.0,2.369895e6
8.0,7.0,0.2005463,0.02178,1.56e-11,227.0,102638.0
8.0,7.0,0.20202574,1.073e-5,1.468e-11,225.0,96585.0
8.0,7.0,0.20238023,0.003092,8.179e-10,225.0,5.38128e6
8.0,7.0,0.20429024,0.07798,2.576e-10,223.0,1.69485e6
8.0,7.0,0.20566169,0.007751,6.485e-10,221.0,4.266732e6
8.0,7.0,0.20748103,0.0008289,2.03e-10,220.0,1.335615e6
8.0,7.0,0.20811482,0.03081,5.277e-10,219.0,3.471942e6
8.0,7.0,0.20875635,0.001851,1.03e-10,218.0,677677.0
8.0,7.0,0.21061351,0.01028,5.434e-10,216.0,3.575238e6
8.0,7.0,0.21182823,0.002669,4.907e-11,215.0,322850.0
8.0,7.0,0.21288347,0.0008031,5.721e-11,214.0,376407.0
8.0,7.0,0.2138157,0.06688,3.292e-10,213.0,2.165934e6
8.0,7.0,0.21440802,0.00565,1.748e-10,212.0,1.150077e6
8.0,7.0,0.2149525,0.0005026,1.339e-9,212.0,8.809797e6
8.0,7.0,0.21672719,0.01376,4.676e-10,210.0,3.076521e6
8.0,7.0,0.21827361,0.0321,4.424e-10,209.0,2.91072e6
8.0,7.0,0.21874838,0.006549,6.992e-11,208.0,460031.0
8.0,7.0,0.21949151,0.002328,7.28e-12,208.0,47898.0
8.0,7.0,0.22047067,0.0744,2.191e-10,207.0,1.441543e6
8.0,7.0,0.22187812,0.003592,2.642e-10,205.0,1.738274e6
8.0,7.0,0.22263538,0.0002356,5.946e-11,205.0,391210.0
8.0,7.0,0.22382094,0.001134,9.59e-11,204.0,630963.0
8.0,7.0,0.22386012,0.01883,2.78e-10,203.0,1.829069e6
8.0,7.0,0.22452808,0.03112,2.543e-10,203.0,1.673138e6
8.0,7.0,0.2252252,0.004904,1.29e-11,202.0,84874.0
8.0,7.0,0.22673835,0.0002834,1.471e-11,201.0,96783.0
8.0,7.0,0.22698576,0.006957,3.817e-10,201.0,2.511352e6
8.0,7.0,0.22714068,0.0002558,3.11e-11,201.0,204619.0
8.0,7.0,0.22808839,0.007187,0.0,200.0,0.0
8.0,7.0,0.22874086,0.0005483,0.0,199.0,0.0
8.0,7.0,0.22982162,3.801e-6,0.0,198.0,0.0
8.0,7.0,0.23189794,0.001029,0.0,196.0,0.0
8.0,7.0,0.23356282,0.008843,0.0,195.0,0.0
8.0,7.0,0.23413145,0.01313,0.0,195.0,0.0
8.0,7.0,0.23470646,0.08844,0.0,194.0,0.0
8.0,7.0,0.23515161,0.1192,0.0,194.0,0.0
8.0,7.0,0.23608475,0.009426,0.0,193.0,0.0
8.0,7.0,0.23724479,0.04269,0.0,192.0,0.0
8.0,7.0,0.23929012,0.00333,0.0,190.0,0.0
8.0,7.0,0.24004966,0.0001465,0.0,190.0,0.0
8.0,7.0,0.2402793,5.047e-5,0.0,190.0,0.0
8.0,7.0,0.24116733,6.303e-7,0.0,189.0,0.0
8.0,7.0,0.24154232,5.305e-6,0.0,189.0,0.0
8.0,7.0,0.24307871,0.004164,0.0,187.0,0.0
8.0,7.0,0.24471808,0.0602,0.0,186.0,0.0
8.0,7.0,0.24620572,0.03324,0.0,185.0,0.0
8.0,7.0,0.24750837,0.0007997,0.0,184.0,0.0
8.0,7.0,0.24946577,0.001278,0.0,183.0,0.0
8.0,7.0,0.25077982,0.005275,0.0,182.0,0.0
8.0,7.0,0.25168607,0.02222,0.0,181.0,0.0
8.0,7.0,0.25303702,0.02799,0.0,180.0,0.0
8.0,7.0,0.25357376,0.0003051,0.0,180.0,0.0
8.0,7.0,0.25498667,0.0001785,0.0,179.0,0.0
8.0,7.0,0.25668527,0.01063,0.0,177.0,0.0
8.0,7.0,0.25787447,0.002535,0.0,177.0,0.0
8.0,7.0,0.25798155,3.78e-6,0.0,177.0,0.0
8.0,7.0,0.25828226,0.0005624,0.0,176.0,0.0
8.0,7.0,0.25871375,0.00831,0.0,176.0,0.0
8.0,7.0,0.26196469,0.006904,0.0,174.0,0.0
8.0,7.0,0.26289145,0.00429,0.0,173.0,0.0
8.0,7.0,0.26398451,0.0002158,0.0,173.0,0.0
8.0,7.0,0.26482287,0.01411,0.0,172.0,0.0
8.0,7.0,0.26522018,0.0007781,0.0,172.0,0.0
8.0,7.0,0.26667274,0.00185,0.0,171.0,0.0
8.0,7.0,0.26826427,0.001976,0.0,170.0,0.0
8.0,7.0,0.26995148,0.00122,0.0,169.0,0.0
8.0,7.0,0.27082492,0.01373,0.0,168.0,0.0
8.0,7.0,0.27276273,0.02292,0.0,167.0,0.0
8.0,7.0,0.2746413,0.01797,0.0,166.0,0.0
8.0,7.0,0.27483176,0.02249,0.0,166.0,0.0
8.0,7.0,0.27497118,0.02916,0.0,166.0,0.0
8.0,7.0,0.27618134,0.0003526,0.0,165.0,0.0
8.0,7.0,0.27634947,0.0006153,0.0,165.0,0.0
8.0,7.0,0.27674952,0.0001065,0.0,165.0,0.0
8.0,7.0,0.27798064,0.002153,0.0,164.0,0.0
8.0,7.0,0.27839253,0.0001619,0.0,164.0,0.0
8.0,7.0,0.27997585,0.01054,0.0,163.0,0.0
8.0,7.0,0.28070213,0.03562,0.0,162.0,0.0
8.0,7.0,0.28231461,8.405e-5,0.0,161.0,0.0
8.0,7.0,0.2825643,0.003133,0.0,161.0,0.0
8.0,7.0,0.28332703,0.008572,0.0,161.0,0.0
8.0,7.0,0.28531496,0.01618,0.0,160.0,0.0
8.0,7.0,0.28580157,0.00571,0.0,159.0,0.0
8.0,7.0,0.28588176,0.0001328,0.0,159.0,0.0
8.0,7.0,0.28721312,0.01369,0.0,159.0,0.0
8.0,7.0,0.28845108,0.0008945,0.0,158.0,0.0
8.0,7.0,0.28880374,0.001697,0.0,158.0,0.0
8.0,7.0,0.28974371,0.0004751,0.0,157.0,0.0
8.0,7.0,0.29153753,2.319e-5,0.0,156.0,0.0
8.0,7.0,0.29230755,3.289e-8,0.0,156.0,0.0
8.0,7.0,0.29335779,0.02012,0.0,155.0,0.0
8.0,7.0,0.29427589,0.000188,0.0,155.0,0.0
8.0,7.0,0.29440164,0.01644,0.0,155.0,0.0
8.0,7.0,0.29470008,0.01321,0.0,155.0,0.0
8.0,7.0,0.29651168,0.0402,0.0,154.0,0.0
8.0,7.0,0.29706618,0.0003719,0.0,153.0,0.0
8.0,7.0,0.29835744,0.05083,0.0,153.0,0.0
8.0,7.0,0.30065793,0.01332,0.0,152.0,0.0
8.0,7.0,0.30125253,0.01025,0.0,151.0,0.0
8.0,7.0,0.30136006,0.002779,0.0,151.0,0.0
8.0,7.0,0.30199203,0.000711,0.0,151.0,0.0
8.0,7.0,0.30302768,1.197e-5,0.0,150.0,0.0
8.0,7.0,0.30477685,0.0009302,0.0,149.0,0.0
8.0,7.0,0.30570634,0.01008,0.0,149.0,0.0
8.0,7.0,0.30691058,0.02266,0.0,148.0,0.0
8.0,7.0,0.30724547,0.0002283,0.0,148.0,0.0
8.0,7.0,0.30825333,3.599e-5,0.0,148.0,0.0
8.0,7.0,0.30852261,1.555e-5,0.0,148.0,0.0
8.0,7.0,0.30925891,0.0005786,0.0,147.0,0.0
8.0,7.0,0.3095979,0.0008531,0.0,147.0,0.0
8.0,7.0,0.30981615,0.006049,0.0,147.0,0.0
8.0,7.0,0.31081627,0.0001045,0.0,147.0,0.0
8.0,7.0,0.31159631,0.0005379,0.0,146.0,0.0
8.0,7.0,0.31188655,0.001979,0.0,146.0,0.0
8.0,7.0,0.31322656,0.0008098,0.0,145.0,0.0
8.0,7.0,0.31449596,5.235e-7,0.0,145.0,0.0
8.0,7.0,0.31527372,0.002394,0.0,144.0,0.0
8.0,7.0,0.31602688,0.000177,0.0,144.0,0.0
8.0,7.0,0.31888005,0.002025,0.0,143.0,0.0
8.0,7.0,0.31950655,3.358e-6,0.0,143.0,0.0
8.0,7.0,0.31976991,0.002912,0.0,142.0,0.0
8.0,7.0,0.32153958,0.0002365,0.0,142.0,0.0
8.0,7.0,0.32232008,7.613e-7,0.0,141.0,0.0
8.0,7.0,0.32248183,6.316e-6,0.0,141.0,0.0
8.0,7.0,0.3231671,0.004504,0.0,141.0,0.0
8.0,7.0,0.32454539,2.6e-6,0.0,140.0,0.0
8.0,7.0,0.32532498,0.0001825,0.0,140.0,0.0
8.0,7.0,0.3262768,3.722e-5,0.0,140.0,0.0
8.0,7.0,0.32889805,0.0009237,0.0,138.0,0.0
8.0,7.0,0.33008634,0.000803,0.0,138.0,0.0
8.0,7.0,0.3349648,0.0001927,0.0,136.0,0.0
8.0,7.0,0.33539538,2.551e-5,0.0,136.0,0.0
8.0,7.0,0.3358182,5.064e-5,0.0,136.0,0.0
8.0,7.0,0.33679326,2.129e-5,0.0,135.0,0.0
8.0,7.0,0.33763754,2.779e-5,0.0,135.0,0.0
8.0,7.0,0.33848183,0.0001014,0.0,135.0,0.0
8.0,7.0,0.33998496,0.0001685,0.0,134.0,0.0
8.0,7.0,0.34075726,0.0005507,0.0,134.0,0.0
8.0,7.0,0.34287185,0.0006507,0.0,133.0,0.0
8.0,7.0,0.34329286,2.795e-5,0.0,133.0,0.0
8.0,7.0,0.34405741,6.824e-5,0.0,132.0,0.0
8.0,7.0,0.34526028,0.00235,0.0,132.0,0.0
8.0,7.0,0.3454922,0.0001923,0.0,132.0,0.0
8.0,7.0,0.3470295,0.002477,0.0,131.0,0.0
8.0,7.0,0.34916277,0.0003903,0.0,130.0,0.0
8.0,7.0,0.34922429,0.002858,0.0,130.0,0.0
8.0,7.0,0.3510901,0.0007324,0.0,130.0,0.0
8.0,7.0,0.3521941,0.0009733,0.0,129.0,0.0
8.0,7.0,0.35307028,0.009291,0.0,129.0,0.0
8.0,7.0,0.35319467,0.000352,0.0,129.0,0.0
8.0,7.0,0.35669211,1.786e-8,0.0,128.0,0.0
8.0,7.0,0.35700877,0.0001672,0.0,128.0,0.0
8.0,7.0,0.35989703,0.002628,0.0,127.0,0.0
8.0,7.0,0.36040642,5.183e-6,0.0,126.0,0.0
8.0,7.0,0.36189042,0.0009218,0.0,126.0,0.0
8.0,7.0,0.36381911,0.0004581,0.0,125.0,0.0
8.0,7.0,0.36468117,1.787e-5,0.0,125.0,0.0
8.0,7.0,0.37017929,1.581e-5,0.0,123.0,0.0
8.0,7.0,0.37082629,5.486e-5,0.0,123.0,0.0
8.0,7.0,0.37092152,0.0006423,0.0,123.0,0.0
8.0,7.0,0.3727641,0.001878,0.0,122.0,0.0
8.0,7.0,0.37550199,0.001367,0.0,121.0,0.0
8.0,7.0,0.37716369,0.0002775,0.0,121.0,0.0
8.0,7.0,0.37765623,9.036e-5,0.0,121.0,0.0
8.0,7.0,0.37906049,3.24e-5,0.0,120.0,0.0
8.0,7.0,0.38019091,0.009009,0.0,120.0,0.0
8.0,7.0,0.38158105,0.0007957,0.0,119.0,0.0
8.0,7.0,0.38295341,0.0566,0.0,119.0,0.0
8.0,7.0,0.38454084,0.02638,0.0,118.0,0.0
8.0,7.0,0.38777537,0.002463,0.0,117.0,0.0
8.0,7.0,0.38987402,0.000397,0.0,117.0,0.0
8.0,7.0,0.3917084,1.537e-6,0.0,116.0,0.0
8.0,7.0,0.39524912,0.001134,0.0,115.0,0.0
8.0,7.0,0.39787311,0.001157,0.0,114.0,0.0
8.0,7.0,0.39909602,0.002782,0.0,114.0,0.0
8.0,7.0,0.40386331,7.347e-7,0.0,113.0,0.0
8.0,7.0,0.40507302,0.00848,0.0,112.0,0.0
8.0,7.0,0.40637658,0.0007343,0.0,112.0,0.0
8.0,7.0,0.40951771,0.0002087,0.0,111.0,0.0
8.0,7.0,0.4181278,9.248e-8,0.0,109.0,0.0
8.0,7.0,0.42290193,3.205e-5,0.0,108.0,0.0
8.0,7.0,0.42557376,0.002,0.0,107.0,0.0
8.0,7.0,0.42765736,0.0006379,0.0,107.0,0.0
8.0,7.0,0.42924205,4.178e-6,0.0,106.0,0.0
8.0,7.0,0.43032509,2.628e-6,0.0,106.0,0.0
8.0,7.0,0.43244652,0.0004819,0.0,105.0,0.0
8.0,7.0,0.43378562,0.001651,0.0,105.0,0.0
8.0,7.0,0.43431097,0.001345,0.0,105.0,0.0
8.0,7.0,0.4366552,1.242e-5,0.0,104.0,0.0
8.0,7.0,0.43957763,0.002645,0.0,104.0,0.0
8.0,7.0,0.44060508,0.003179,0.0,103.0,0.0
8.0,7.0,0.44094589,0.0001571,0.0,103.0,0.0
8.0,7.0,0.44456817,0.0002051,0.0,102.0,0.0
8.0,7.0,0.44759904,0.0001689,0.0,102.0,0.0
8.0,7.0,0.44856817,1.325e-8,0.0,102.0,0.0
8.0,7.0,0.45015833,9.349e-6,0.0,101.0,0.0
8.0,7.0,0.45126005,4.319e-5,0.0,101.0,0.0
8.0,7.0,0.45444857,0.001299,0.0,100.0,0.0
8.0,7.0,0.45608748,8.11e-5,0.0,100.0,0.0
8.0,7.0,0.45802529,2.81e-5,0.0,99.0,0.0
8.0,7.0,0.46017815,2.474e-5,0.0,99.0,0.0
8.0,7.0,0.46155097,0.0007398,0.0,99.0,0.0
8.0,7.0,0.46309785,9.991e-5,0.0,98.0,0.0
8.0,7.0,0.46522474,0.0002688,0.0,98.0,0.0
8.0,7.0,0.46744003,4.396e-7,0.0,97.0,0.0
8.0,7.0,0.46952364,0.001506,0.0,97.0,0.0
8.0,7.0,0.47041576,0.003091,0.0,97.0,0.0
8.0,7.0,0.47357421,1.261e-8,0.0,96.0,0.0
8.0,7.0,0.47516209,0.001689,0.0,96.0,0.0
8.0,7.0,0.47644288,1.85e-5,0.0,96.0,0.0
8.0,7.0,0.48223625,5.006e-7,0.0,94.0,0.0
8.0,7.0,0.48251281,1.256e-5,0.0,94.0,0.0
8.0,7.0,0.48713293,3.674e-5,0.0,94.0,0.0
8.0,7.0,0.4907748,0.004904,0.0,93.0,0.0
8.0,7.0,0.50342044,6.064e-6,0.0,90.0,0.0
8.0,7.0,0.52107393,8.887e-8,0.0,87.0,0.0
8.0,7.0,0.52826791,3.167e-5,0.0,86.0,0.0
8.0,7.0,0.52871717,1.686e-6,0.0,86.0,0.0
8.0,7.0,0.54126028,1.294e-6,0.0,84.0,0.0
8.0,7.0,0.5770115,6.322e-5,0.0,79.0,0.0
8.0,7.0,0.59722975,5.18e-5,0.0,76.0,0.0
8.0,7.0,0.60943889,0.0007029,0.0,75.0,0.0
8.0,7.0,0.62543889,8.829e-5,0.0,73.0,0.0
8.0,8.0,0.034471398,5.998e-7,7.684e-19,1321.0,0.0
8.0,8.0,0.054708372,0.008859,4.451e-14,833.0,293.0
8.0,8.0,0.066639207,0.4884,4.494e-12,684.0,29568.0
8.0,8.0,0.070930083,0.4112,4.508e-12,642.0,29660.0
8.0,8.0,0.07421679,0.0002758,3.49e-15,614.0,23.0
8.0,8.0,0.076241941,1.741,2.359e-11,597.0,155208.0
8.0,8.0,0.082113635,0.1482,2.519e-12,555.0,16573.0
8.0,8.0,0.086990773,0.05596,1.144e-12,524.0,7527.0
8.0,8.0,0.089707712,0.3292,7.65e-12,508.0,50332.0
8.0,8.0,0.092681718,0.002682,2.788e-11,491.0,183433.0
8.0,8.0,0.099779929,0.136,6.887e-12,457.0,45312.0
8.0,8.0,0.10879481,132.4,5.203e-9,419.0,3.4232544e7
8.0,8.0,0.11390628,0.1158,1.623e-11,400.0,106783.0
8.0,8.0,0.12674792,0.06233,5.009e-9,359.0,3.2956143e7
8.0,8.0,0.14422964,2.045,1.922e-10,316.0,1.264558e6
8.0,8.0,0.15376922,0.000352,1.508e-11,296.0,99217.0
8.0,8.0,0.1586249,0.02991,8.989e-12,287.0,59142.0
8.0,8.0,0.16153093,0.1539,1.025e-10,282.0,674387.0
8.0,8.0,0.1618485,0.004501,5.991e-11,281.0,394171.0
8.0,8.0,0.16536508,1.712,2.529e-10,275.0,1.663927e6
8.0,8.0,0.16708737,3.911,5.682e-10,273.0,3.738407e6
8.0,8.0,0.1683112,0.0009572,1.013e-11,271.0,66649.0
8.0,8.0,0.16899829,0.003547,3.015e-12,270.0,19837.0
8.0,8.0,0.16980613,0.07018,4.812e-11,268.0,316600.0
8.0,8.0,0.17159403,0.5558,3.648e-10,265.0,2.40016e6
8.0,8.0,0.17364666,1.114,2.301e-10,262.0,1.513917e6
8.0,8.0,0.1757854,9.836,1.943e-9,259.0,1.2783746e7
8.0,8.0,0.17988245,0.04627,4.647e-11,253.0,305744.0
8.0,8.0,0.18023328,0.4948,2.823e-10,253.0,1.857361e6
8.0,8.0,0.18279941,0.0243,1.912e-10,249.0,1.257979e6
8.0,8.0,0.18671876,4.818e-5,1.121e-11,244.0,73755.0
8.0,8.0,0.18697346,0.002739,6.848e-11,244.0,450556.0
8.0,8.0,0.18858594,0.4018,1.49e-10,242.0,980328.0
8.0,8.0,0.18962296,0.2115,6.829e-10,240.0,4.493063e6
8.0,8.0,0.19121358,0.0004367,1.334e-11,238.0,87769.0
8.0,8.0,0.19167149,0.0177,2.519e-10,238.0,1.657347e6
8.0,8.0,0.19327987,0.01969,6.251e-11,236.0,411277.0
8.0,8.0,0.19436929,1.603,1.8e-9,234.0,1.1842894e7
8.0,8.0,0.19686342,0.002809,6.637e-10,231.0,4.366738e6
8.0,8.0,0.19759107,0.07646,1.663e-9,231.0,1.0941518e7
8.0,8.0,0.19972298,0.3285,1.961e-10,228.0,1.290218e6
8.0,8.0,0.20084383,0.007971,1.277e-10,227.0,840188.0
8.0,8.0,0.20100057,0.02119,6.197e-10,227.0,4.077245e6
8.0,8.0,0.20230049,1.503e-5,1.59e-11,225.0,104612.0
8.0,8.0,0.20349744,0.004096,5.227e-10,224.0,3.439045e6
8.0,8.0,0.20389247,0.009366,1.189e-9,223.0,7.82289e6
8.0,8.0,0.20522383,0.02311,2.764e-10,222.0,1.818542e6
8.0,8.0,0.20819501,0.1098,2.666e-10,219.0,1.754064e6
8.0,8.0,0.20986992,0.02542,1.548e-10,217.0,1.018489e6
8.0,8.0,0.20997335,0.004477,1.124e-10,217.0,739523.0
8.0,8.0,0.211887,0.1554,6.114e-10,215.0,4.022636e6
8.0,8.0,0.2120246,0.1455,4.438e-10,215.0,2.919931e6
8.0,8.0,0.21307985,0.12,2.234e-9,214.0,1.4698348e7
8.0,8.0,0.21486502,0.0015,1.234e-9,212.0,8.118962e6
8.0,8.0,0.21582504,0.01289,1.681e-10,211.0,1.105995e6
8.0,8.0,0.21658458,0.00315,2.813e-10,210.0,1.850781e6
8.0,8.0,0.21880852,0.001445,1.137e-10,208.0,748076.0
8.0,8.0,0.21961818,2.376e-5,4.612e-12,207.0,30344.0
8.0,8.0,0.2199836,0.0003056,1.038e-11,207.0,68294.0
8.0,8.0,0.22108532,0.001289,2.201e-10,206.0,1.448123e6
8.0,8.0,0.22164757,8.391e-5,3.886e-11,206.0,255675.0
8.0,8.0,0.22255245,1.57e-6,1.25e-11,205.0,82242.0
8.0,8.0,0.22397312,0.000749,3.867e-10,203.0,2.544248e6
8.0,8.0,0.22641941,0.002282,2.873e-9,201.0,1.8902575e7
8.0,8.0,0.22695888,7.9e-8,1.012e-10,201.0,665834.0
8.0,8.0,0.22745552,0.000845,7.646e-11,200.0,503060.0
8.0,8.0,0.22801094,0.001263,0.0,200.0,0.0
8.0,8.0,0.2304144,3.635e-5,0.0,198.0,0.0
8.0,8.0,0.23179679,0.001062,0.0,197.0,0.0
8.0,8.0,0.2339779,0.004763,0.0,195.0,0.0
8.0,8.0,0.23425584,0.0001126,0.0,194.0,0.0
8.0,8.0,0.23512655,0.001055,0.0,194.0,0.0
8.0,8.0,0.2352555,0.00138,0.0,194.0,0.0
8.0,8.0,0.23646839,0.04734,0.0,193.0,0.0
8.0,8.0,0.23858891,4.404e-5,0.0,191.0,0.0
8.0,8.0,0.24030619,0.1074,0.0,190.0,0.0
8.0,8.0,0.24075863,5.02e-5,0.0,189.0,0.0
8.0,8.0,0.24234788,0.0004408,0.0,188.0,0.0
8.0,8.0,0.24287094,0.02485,0.0,188.0,0.0
8.0,8.0,0.24446338,0.05038,0.0,186.0,0.0
8.0,8.0,0.24489669,0.01262,0.0,186.0,0.0
8.0,8.0,0.2472719,0.007444,0.0,184.0,0.0
8.0,8.0,0.24805741,0.04285,0.0,184.0,0.0
8.0,8.0,0.24947625,0.005694,0.0,183.0,0.0
8.0,8.0,0.25332498,0.001789,0.0,180.0,0.0
8.0,8.0,0.25460121,8.426e-8,0.0,179.0,0.0
8.0,8.0,0.25582823,0.001297,0.0,178.0,0.0
8.0,8.0,0.25710126,1.116e-5,0.0,177.0,0.0
8.0,8.0,0.25740563,7.752e-8,0.0,177.0,0.0
8.0,8.0,0.25852466,0.001253,0.0,176.0,0.0
8.0,8.0,0.25965919,0.00648,0.0,175.0,0.0
8.0,8.0,0.26138057,0.0003128,0.0,174.0,0.0
8.0,8.0,0.26287778,0.005901,0.0,173.0,0.0
8.0,8.0,0.2640401,0.0001302,0.0,173.0,0.0
8.0,8.0,0.26471671,3.247e-6,0.0,172.0,0.0
8.0,8.0,0.26526438,1.431e-8,0.0,172.0,0.0
8.0,8.0,0.26561613,6.598e-5,0.0,171.0,0.0
8.0,8.0,0.26948992,0.0006551,0.0,169.0,0.0
8.0,8.0,0.2715872,7.082e-6,0.0,168.0,0.0
8.0,8.0,0.27253036,0.0007884,0.0,167.0,0.0
8.0,8.0,0.2743743,0.02337,0.0,166.0,0.0
8.0,8.0,0.27476432,0.01923,0.0,166.0,0.0
8.0,8.0,0.27670714,0.0002074,0.0,165.0,0.0
8.0,8.0,0.27823533,0.001461,0.0,164.0,0.0
8.0,8.0,0.2793931,7.486e-6,0.0,163.0,0.0
8.0,8.0,0.27995307,0.004128,0.0,163.0,0.0
8.0,8.0,0.28203486,0.008243,0.0,162.0,0.0
8.0,8.0,0.28230641,0.008711,0.0,161.0,0.0
8.0,8.0,0.28413396,0.007146,0.0,160.0,0.0
8.0,8.0,0.28550632,0.001663,0.0,160.0,0.0
8.0,8.0,0.28622075,0.0001005,0.0,159.0,0.0
8.0,8.0,0.28696617,0.002597,0.0,159.0,0.0
8.0,8.0,0.28878597,0.04891,0.0,158.0,0.0
8.0,8.0,0.29023898,0.5226,0.0,157.0,0.0
8.0,8.0,0.29225515,0.0002852,0.0,156.0,0.0
8.0,8.0,0.29323112,0.0244,0.0,155.0,0.0
8.0,8.0,0.29366397,0.0001082,0.0,155.0,0.0
8.0,8.0,0.2954054,0.003563,0.0,154.0,0.0
8.0,8.0,0.29656726,0.01988,0.0,154.0,0.0
8.0,8.0,0.29794282,0.0004156,0.0,153.0,0.0
8.0,8.0,0.29827224,0.019,0.0,153.0,0.0
8.0,8.0,0.29997494,0.0003627,0.0,152.0,0.0
8.0,8.0,0.30102517,0.0006135,0.0,151.0,0.0
8.0,8.0,0.30344367,0.02892,0.0,150.0,0.0
8.0,8.0,0.30487709,0.00238,0.0,149.0,0.0
8.0,8.0,0.30548217,0.004036,0.0,149.0,0.0
8.0,8.0,0.30800547,0.001479,0.0,148.0,0.0
8.0,8.0,0.30829571,0.0009348,0.0,148.0,0.0
8.0,8.0,0.30891582,5.326e-5,0.0,147.0,0.0
8.0,8.0,0.30923704,0.005647,0.0,147.0,0.0
8.0,8.0,0.31079576,0.008588,0.0,147.0,0.0
8.0,8.0,0.31246702,0.0001073,0.0,146.0,0.0
8.0,8.0,0.31322064,3.538e-5,0.0,145.0,0.0
8.0,8.0,0.31432464,0.0001431,0.0,145.0,0.0
8.0,8.0,0.3159353,0.00113,0.0,144.0,0.0
8.0,8.0,0.3177756,0.002401,0.0,143.0,0.0
8.0,8.0,0.31953708,2.43e-6,0.0,143.0,0.0
8.0,8.0,0.32004875,1.933e-5,0.0,142.0,0.0
8.0,8.0,0.32068983,7.391e-7,0.0,142.0,0.0
8.0,8.0,0.32263766,0.002179,0.0,141.0,0.0
8.0,8.0,0.32544527,6.11e-5,0.0,140.0,0.0
8.0,8.0,0.32999066,0.001076,0.0,138.0,0.0
8.0,8.0,0.33228067,0.0001153,0.0,137.0,0.0
8.0,8.0,0.33282014,3.719e-5,0.0,137.0,0.0
8.0,8.0,0.33389999,3.259e-6,0.0,136.0,0.0
8.0,8.0,0.33510605,4.646e-5,0.0,136.0,0.0
8.0,8.0,0.33560998,1.852e-5,0.0,136.0,0.0
8.0,8.0,0.33641736,5.046e-7,0.0,135.0,0.0
8.0,8.0,0.34050256,0.000435,0.0,134.0,0.0
8.0,8.0,0.34087071,0.0001769,0.0,134.0,0.0
8.0,8.0,0.34435904,2.784e-5,0.0,132.0,0.0
8.0,8.0,0.34659255,0.0001124,0.0,131.0,0.0
8.0,8.0,0.34821643,7.332e-7,0.0,131.0,0.0
8.0,8.0,0.34860918,0.0007215,0.0,131.0,0.0
8.0,8.0,0.3493063,3.012e-5,0.0,130.0,0.0
8.0,8.0,0.35136621,2.447e-6,0.0,130.0,0.0
8.0,8.0,0.35244561,0.0009099,0.0,129.0,0.0
8.0,8.0,0.35456248,0.0002148,0.0,128.0,0.0
8.0,8.0,0.35913065,0.0003197,0.0,127.0,0.0
8.0,8.0,0.36105297,0.0002889,0.0,126.0,0.0
8.0,8.0,0.36218658,0.0003369,0.0,126.0,0.0
8.0,8.0,0.37250849,0.000605,0.0,122.0,0.0
8.0,8.0,0.37319239,0.0005297,0.0,122.0,0.0
8.0,8.0,0.37773323,5.431e-5,0.0,121.0,0.0
8.0,8.0,0.37806083,0.004595,0.0,120.0,0.0
8.0,8.0,0.3818886,9.333e-8,0.0,119.0,0.0
8.0,8.0,0.38600068,4.085e-5,0.0,118.0,0.0
8.0,8.0,0.38721768,0.0009435,0.0,118.0,0.0
8.0,8.0,0.38789976,0.003441,0.0,117.0,0.0
8.0,8.0,0.38946258,0.001985,0.0,117.0,0.0
8.0,8.0,0.39282925,0.0713,0.0,116.0,0.0
8.0,8.0,0.39464085,0.05,0.0,115.0,0.0
8.0,8.0,0.39740472,0.000159,0.0,115.0,0.0
8.0,8.0,0.40003235,0.0008739,0.0,114.0,0.0
8.0,8.0,0.4027985,0.05941,0.0,113.0,0.0
8.0,8.0,0.412267,8.49e-5,0.0,110.0,0.0
8.0,8.0,0.41954983,3.296e-5,0.0,109.0,0.0
8.0,8.0,0.42226267,0.001305,0.0,108.0,0.0
8.0,8.0,0.42391115,0.003601,0.0,107.0,0.0
8.0,8.0,0.43286434,0.001587,0.0,105.0,0.0
8.0,8.0,0.43635266,0.001041,0.0,104.0,0.0
8.0,8.0,0.43833056,0.004558,0.0,104.0,0.0
8.0,8.0,0.44159927,0.0005994,0.0,103.0,0.0
8.0,8.0,0.44708828,0.0004992,0.0,102.0,0.0
8.0,8.0,0.44957376,1.367e-6,0.0,101.0,0.0
8.0,8.0,0.45152478,1.19e-6,0.0,101.0,0.0
8.0,8.0,0.45188245,4.415e-5,0.0,101.0,0.0
8.0,8.0,0.45555576,4.738e-9,0.0,100.0,0.0
8.0,8.0,0.45896799,0.001163,0.0,99.0,0.0
8.0,8.0,0.46267821,0.002388,0.0,98.0,0.0
8.0,8.0,0.46740631,8.475e-5,0.0,97.0,0.0
8.0,8.0,0.47173801,2.253e-5,0.0,97.0,0.0
8.0,8.0,0.47285431,2.578e-7,0.0,96.0,0.0
8.0,8.0,0.4805422,0.0012,0.0,95.0,0.0
8.0,8.0,0.50753343,8.832e-8,0.0,90.0,0.0
8.0,8.0,0.52671238,3.958e-6,0.0,86.0,0.0
8.0,8.0,0.52876455,3.041e-5,0.0,86.0,0.0
8.0,8.0,0.53798428,4.118e-6,0.0,85.0,0.0
8.0,8.0,0.60152455,0.0001861,0.0,76.0,0.0
8.0,9.0,0.045522132,0.0002923,7.609e-16,1001.0,5.0
8.0,9.0,0.061491878,0.0427,2.704e-13,741.0,1779.0
8.0,9.0,0.072775259,2.546,2.696e-11,626.0,177380.0
8.0,9.0,0.076171728,0.004322,5.277e-14,598.0,347.0
8.0,9.0,0.080770703,0.4661,6.712e-12,564.0,44161.0
8.0,9.0,0.099503588,0.5881,1.585e-11,458.0,104283.0
8.0,9.0,0.10815177,145.3,5.074e-9,421.0,3.3383803e7
8.0,9.0,0.14857045,0.1774,1.599e-11,307.0,105204.0
8.0,9.0,0.15701515,0.2467,2.651e-11,290.0,174420.0
8.0,9.0,0.15963777,0.1499,1.684e-11,285.0,110797.0
8.0,9.0,0.16115047,0.02467,3.617e-11,283.0,237976.0
8.0,9.0,0.16684087,3.664,4.68e-10,273.0,3.079153e6
8.0,9.0,0.16821551,0.02003,4.137e-12,271.0,27219.0
8.0,9.0,0.17190705,14.38,2.008e-9,265.0,1.3211407e7
8.0,9.0,0.17307848,3.789,5.421e-10,263.0,3.566685e6
8.0,9.0,0.17579178,0.08409,1.471e-11,259.0,96783.0
8.0,9.0,0.17768858,0.008296,1.728e-11,256.0,113692.0
8.0,9.0,0.17992938,1.019,1.813e-10,253.0,1.192843e6
8.0,9.0,0.18393029,1.169,2.479e-10,248.0,1.63103e6
8.0,9.0,0.18650507,0.002591,1.089e-11,244.0,71650.0
8.0,9.0,0.18750792,0.009709,3.677e-12,243.0,24192.0
8.0,9.0,0.18934685,0.00694,1.783e-11,241.0,117310.0
8.0,9.0,0.18961203,0.2541,5.348e-11,240.0,351866.0
8.0,9.0,0.19137259,0.0002656,3.585e-10,238.0,2.35871e6
8.0,9.0,0.1920123,0.3317,5.584e-10,237.0,3.673929e6
8.0,9.0,0.19294225,0.5361,1.889e-9,236.0,1.242846e7
8.0,9.0,0.19551247,0.1939,1.926e-10,233.0,1.26719e6
8.0,9.0,0.2001048,0.004794,8.845e-10,228.0,5.819467e6
8.0,9.0,0.20034856,0.0004293,8.89e-12,227.0,58491.0
8.0,9.0,0.20090398,0.04585,1.106e-9,227.0,7.276801e6
8.0,9.0,0.20475362,0.228,3.427e-10,222.0,2.254755e6
8.0,9.0,0.20599248,0.0004088,2.29e-12,221.0,15067.0
8.0,9.0,0.21060622,0.01276,2.352e-11,216.0,154747.0
8.0,9.0,0.21243877,0.005794,3.242e-11,214.0,213304.0
8.0,9.0,0.21286889,0.009269,7.944e-12,214.0,52267.0
8.0,9.0,0.2149124,0.02013,1.45e-11,212.0,95401.0
8.0,9.0,0.21574667,0.0003891,4.663e-12,211.0,30680.0
8.0,9.0,0.21732771,0.005108,4.881e-11,210.0,321140.0
8.0,9.0,0.21978221,1.226e-5,7.04e-12,207.0,46319.0
8.0,9.0,0.22194373,0.0006441,1.629e-10,205.0,1.071782e6
8.0,9.0,0.22254198,0.0001481,1.115e-10,205.0,733602.0
8.0,9.0,0.22277708,0.0004734,1.265e-11,204.0,83229.0
8.0,9.0,0.22465338,3.266e-8,1.405e-11,203.0,92440.0
8.0,9.0,0.22684679,0.01263,3.403e-9,201.0,2.238965e7
8.0,9.0,0.23000478,3.809e-6,0.0,198.0,0.0
8.0,9.0,0.23020253,0.002503,0.0,198.0,0.0
8.0,9.0,0.23176125,0.0001534,0.0,197.0,0.0
8.0,9.0,0.23236587,0.001443,0.0,196.0,0.0
8.0,9.0,0.23315184,0.0001749,0.0,195.0,0.0
8.0,9.0,0.23349812,0.0001972,0.0,195.0,0.0
8.0,9.0,0.23353001,0.003785,0.0,195.0,0.0
8.0,9.0,0.23461533,0.0008219,0.0,194.0,0.0
8.0,9.0,0.23778016,0.05086,0.0,192.0,0.0
8.0,9.0,0.2413997,0.005748,0.0,189.0,0.0
8.0,9.0,0.2425602,6.802e-5,0.0,188.0,0.0
8.0,9.0,0.24286001,0.0007879,0.0,188.0,0.0
8.0,9.0,0.2437453,0.004995,0.0,187.0,0.0
8.0,9.0,0.24415583,0.03463,0.0,187.0,0.0
8.0,9.0,0.2459615,0.0349,0.0,185.0,0.0
8.0,9.0,0.25105411,0.006341,0.0,181.0,0.0
8.0,9.0,0.25185967,0.001254,0.0,181.0,0.0
8.0,9.0,0.25485272,0.007728,0.0,179.0,0.0
8.0,9.0,0.25713772,0.002016,0.0,177.0,0.0
8.0,9.0,0.25776968,2.256e-6,0.0,177.0,0.0
8.0,9.0,0.25847454,3.612e-6,0.0,176.0,0.0
8.0,9.0,0.26038638,0.001444,0.0,175.0,0.0
8.0,9.0,0.26383142,0.0005368,0.0,173.0,0.0
8.0,9.0,0.26605764,7.186e-9,0.0,171.0,0.0
8.0,9.0,0.26691696,0.0002604,0.0,171.0,0.0
8.0,9.0,0.27145962,0.001993,0.0,168.0,0.0
8.0,9.0,0.2730115,0.001197,0.0,167.0,0.0
8.0,9.0,0.27389452,0.00368,0.0,166.0,0.0
8.0,9.0,0.27475886,0.0008846,0.0,166.0,0.0
8.0,9.0,0.27648753,1.08e-5,0.0,165.0,0.0
8.0,9.0,0.27792323,0.0005398,0.0,164.0,0.0
8.0,9.0,0.28057319,0.00351,0.0,162.0,0.0
8.0,9.0,0.28237612,0.0002312,0.0,161.0,0.0
8.0,9.0,0.28442647,0.002331,0.0,160.0,0.0
8.0,9.0,0.28497733,1.967e-5,0.0,160.0,0.0
8.0,9.0,0.28686046,0.008421,0.0,159.0,0.0
8.0,9.0,0.28849208,0.0006944,0.0,158.0,0.0
8.0,9.0,0.29241098,0.005491,0.0,156.0,0.0
8.0,9.0,0.29734776,1.594e-5,0.0,153.0,0.0
8.0,9.0,0.29759608,0.01397,0.0,153.0,0.0
8.0,9.0,0.2999312,3.914e-11,0.0,152.0,0.0
8.0,9.0,0.30302312,0.01583,0.0,150.0,0.0
8.0,9.0,0.30428523,0.005485,0.0,150.0,0.0
8.0,9.0,0.30566397,0.00248,0.0,149.0,0.0
8.0,9.0,0.30720902,8.707e-5,0.0,148.0,0.0
8.0,9.0,0.30803463,0.002154,0.0,148.0,0.0
8.0,9.0,0.30859688,2.72e-5,0.0,148.0,0.0
8.0,9.0,0.3098526,0.01985,0.0,147.0,0.0
8.0,9.0,0.31344982,0.0005452,0.0,145.0,0.0
8.0,9.0,0.31677412,0.000507,0.0,144.0,0.0
8.0,9.0,0.31752227,0.002045,0.0,143.0,0.0
8.0,9.0,0.31817519,5.322e-5,0.0,143.0,0.0
8.0,9.0,0.31942636,0.000337,0.0,143.0,0.0
8.0,9.0,0.32221711,2.503e-6,0.0,141.0,0.0
8.0,9.0,0.32760588,0.001273,0.0,139.0,0.0
8.0,9.0,0.33417474,0.0003748,0.0,136.0,0.0
8.0,9.0,0.3365422,7.584e-6,0.0,135.0,0.0
8.0,9.0,0.34037772,3.292e-5,0.0,134.0,0.0
8.0,9.0,0.3423219,8.597e-5,0.0,133.0,0.0
8.0,9.0,0.34373664,2.627e-6,0.0,133.0,0.0
8.0,9.0,0.34589589,2.702e-7,0.0,132.0,0.0
8.0,9.0,0.3480287,8.197e-6,0.0,131.0,0.0
8.0,9.0,0.35425265,0.001593,0.0,129.0,0.0
8.0,9.0,0.35712222,0.001827,0.0,128.0,0.0
8.0,9.0,0.36910445,1.989e-6,0.0,123.0,0.0
8.0,9.0,0.37187561,5.93e-5,0.0,122.0,0.0
8.0,9.0,0.38026837,3.804e-5,0.0,120.0,0.0
8.0,9.0,0.38423283,0.004089,0.0,119.0,0.0
8.0,9.0,0.38795398,0.0005872,0.0,117.0,0.0
8.0,9.0,0.3907584,0.0005593,0.0,117.0,0.0
8.0,9.0,0.39598496,0.0177,0.0,115.0,0.0
8.0,9.0,0.39988154,0.003089,0.0,114.0,0.0
8.0,9.0,0.404,0.0007106,0.0,113.0,0.0
8.0,9.0,0.41079212,2.047e-5,0.0,111.0,0.0
8.0,9.0,0.42052033,2.722e-5,0.0,108.0,0.0
8.0,9.0,0.43370817,7.007e-5,0.0,105.0,0.0
8.0,9.0,0.44235836,0.0005019,0.0,103.0,0.0
8.0,9.0,0.44741178,7.664e-6,0.0,102.0,0.0
8.0,9.0,0.45176307,9.776e-5,0.0,101.0,0.0
8.0,9.0,0.457792,2.745e-5,0.0,100.0,0.0
8.0,9.0,0.46793439,5.857e-5,0.0,97.0,0.0
8.0,9.0,0.47401572,4.318e-5,0.0,96.0,0.0
8.0,9.0,0.51116391,3.369e-6,0.0,89.0,0.0
8.0,9.0,0.52282994,2.956e-8,0.0,87.0,0.0
8.0,9.0,0.53417838,7.925e-6,0.0,85.0,0.0
