  9.0  8.0 -6.1491878e-02  2.716e-03  0.000e+00
  9.0  9.0  1.8309921e-02  5.806e-04  4.198e-13
  9.0  8.0  1.8760360e-02  4.773e-03  4.070e-13
  9.0  8.0  2.4637339e-02  4.274e-02  2.829e-13
  9.0  8.0  2.5202734e-02  2.643e-03  3.668e-15
  9.0  9.0  2.6175601e-02  1.633e-04  6.492e-13
  9.0  8.0  3.0516779e-02  1.086e-01  7.951e-13
  9.0  9.0  3.0586946e-02  4.421e-04  1.065e-13
  9.0  8.0  3.3233489e-02  5.865e+00  5.839e-11
  9.0  8.0  3.6809978e-02  1.969e-01  4.614e-13
  9.0  9.0  3.8844379e-02  3.246e-02  2.852e-13
  9.0  9.0  4.3354232e-02  1.824e-03  4.547e-13
  9.0  8.0  4.4581524e-02  4.585e-01  1.691e-12
  9.0  8.0  4.5075840e-02  7.252e-01  3.410e-12
  9.0  8.0  4.5739014e-02  2.151e+01  8.074e-11
  9.0  9.0  4.6858777e-02  7.049e-02  8.685e-11
  9.0  9.0  4.7139629e-02  2.244e-03  2.843e-12
  9.0  8.0  4.7489099e-02  2.588e-04  1.257e-14
  9.0  9.0  5.5304568e-02  7.627e-05  6.284e-16
  9.0  8.0  5.6725686e-02  6.966e-03  8.868e-14
  9.0  8.0  5.9629890e-02  4.546e-04  5.285e-14
  9.0  9.0  5.9979360e-02  4.967e-05  3.613e-14
  9.0  8.0  6.0811345e-02  1.522e-03  1.595e-13
  9.0  9.0  6.2054767e-02  2.632e-06  5.983e-14
  9.0  8.0  6.2468937e-02  1.418e+00  1.075e-10
  9.0  8.0  7.3254220e-02  5.446e-07  6.417e-15
  9.0  8.0  7.3848365e-02  3.074e-06  1.561e-14
  9.0  8.0  7.5219820e-02  3.920e-05  6.938e-16
  9.0  8.0  8.1914888e-02  6.265e-06  1.221e-12
  9.0  8.0  8.5575441e-02  2.553e-05  7.387e-16
  9.0  9.0  9.7423716e-02  2.505e-06  1.268e-16
  9.0  8.0  1.1060016e-01  1.024e-04  6.445e-12
  9.0  9.0  1.1083435e-01  4.925e-06  1.899e-12
  9.0  8.0  1.1137656e-01  2.041e-04  3.464e-12
  9.0  9.0  1.1171509e-01  1.104e-06  5.535e-12
  9.0  9.0  1.1255619e-01  1.741e-06  8.111e-13
  9.0  8.0  1.1320638e-01  6.208e-06  1.390e-12
  9.0  8.0  1.1434683e-01  4.367e-06  2.087e-12
  9.0  9.0  1.1570963e-01  5.707e-07  7.044e-13
  9.0  8.0  1.1743693e-01  2.492e-07  6.569e-13
  9.0  8.0  1.2029284e-01  2.696e-08  1.179e-16
  9.0  8.0  1.2048283e-01  3.620e-06  4.163e-13
  9.0  8.0  1.2644160e-01  5.256e-06  1.076e-12
  9.0  9.0  1.2676328e-01  1.178e-07  1.668e-13
  9.0  8.0  1.2757157e-01  1.124e-05  1.953e-13
  9.0  8.0  1.2915307e-01  2.060e-08  2.561e-14
  9.0  9.0  1.3033817e-01  1.622e-07  3.443e-13
  9.0  8.0  1.3081248e-01  1.254e-06  9.176e-14
  9.0  8.0  1.3297537e-01  3.004e-11  1.177e-12
  9.0  9.0  1.3327017e-01  7.136e-08  3.920e-13
  9.0  8.0  1.3361144e-01  5.930e-07  3.060e-13
  9.0  8.0  1.3561121e-01  2.579e-05  4.330e-12
  9.0  8.0  1.3586500e-01  1.187e-03  6.488e-11
  9.0  9.0  1.3780736e-01  4.972e-06  6.606e-13
  9.0  8.0  1.3898608e-01  9.528e-08  1.142e-12
  9.0  8.0  1.3943989e-01  6.294e-06  1.597e-12
  9.0  9.0  1.4118223e-01  2.815e-05  3.239e-12
  9.0  9.0  1.4414567e-01  4.107e-08  6.778e-13
  9.0  8.0  1.4440447e-01  1.994e-09  9.466e-14
  9.0  8.0  1.4501547e-01  5.453e-06  1.266e-12
  9.0  9.0  1.4505237e-01  4.981e-06  2.795e-12
  9.0  8.0  1.4544240e-01  2.478e-06  5.157e-13
  9.0  8.0  1.4715011e-01  9.902e-04  9.464e-11
  9.0  9.0  1.4793607e-01  8.496e-07  7.728e-11
  9.0  9.0  1.4882501e-01  6.224e-06  7.111e-13
  9.0  8.0  1.4912847e-01  1.479e-08  3.403e-13
  9.0  9.0  1.4953808e-01  1.292e-04  5.990e-12
  9.0  8.0  1.5039148e-01  3.284e-05  3.123e-11
  9.0  8.0  1.5090270e-01  8.420e-06  6.123e-12
  9.0  9.0  1.5123394e-01  1.518e-03  5.444e-11
  9.0  8.0  1.5200715e-01  3.177e-06  2.570e-12
  9.0  9.0  1.5514236e-01  4.528e-06  4.431e-11
  9.0  8.0  1.5762465e-01  2.961e-06  2.108e-12
  9.0  9.0  1.5832997e-01  8.853e-06  2.229e-12
  9.0  9.0  1.5856098e-01  2.331e-06  1.136e-12
  9.0  8.0  1.5890543e-01  2.440e-08  5.749e-14
  9.0  8.0  1.6084233e-01  2.107e-04  2.820e-12
  9.0  9.0  1.6102732e-01  1.169e-05  6.916e-12
  9.0  8.0  1.6144057e-01  8.713e-08  9.835e-13
  9.0  9.0  1.6189165e-01  3.249e-03  5.098e-11
  9.0  8.0  1.6233544e-01  5.298e-04  5.209e-11
  9.0  9.0  1.6314965e-01  4.074e-03  5.511e-11
  9.0  8.0  1.6350049e-01  5.828e-06  5.578e-13
  9.0  8.0  1.6455619e-01  2.020e-05  1.077e-10
  9.0  9.0  1.6456576e-01  1.033e-06  2.289e-12
  9.0  8.0  1.6512436e-01  1.517e-04  7.767e-11
  9.0  8.0  1.6553079e-01  7.053e-06  9.852e-12
  9.0  9.0  1.6682023e-01  1.818e-06  2.182e-12
  9.0  9.0  1.6771555e-01  6.714e-08  5.569e-13
  9.0  8.0  1.6805591e-01  1.587e-07  2.774e-12
  9.0  9.0  1.6925604e-01  2.252e-05  4.738e-12
  9.0  8.0  1.6926333e-01  3.025e-04  3.940e-11
  9.0  9.0  1.6993402e-01  1.358e-03  5.850e-11
  9.0  8.0  1.7040697e-01  2.037e-06  6.100e-13
  9.0  8.0  1.7095738e-01  5.015e-05  2.587e-11
  9.0  9.0  1.7121754e-01  1.134e-04  3.566e-11
  9.0  8.0  1.7178298e-01  8.170e-07  1.330e-12
  9.0  9.0  1.7240765e-01  2.495e-06  7.978e-13
  9.0  8.0  1.7243590e-01  1.248e-08  1.329e-12
  9.0  8.0  1.7382741e-01  7.930e-07  1.886e-12
  9.0  8.0  1.7500658e-01  9.982e-06  7.557e-11
  9.0  9.0  1.7536334e-01  9.291e-09  3.586e-12
  9.0  8.0  1.7561668e-01  5.772e-06  1.946e-12
  9.0  9.0  1.7599895e-01  2.071e-05  3.705e-12
  9.0  8.0  1.7605408e-01  1.144e-06  7.883e-13
  9.0  8.0  1.7668468e-01  7.237e-07  3.866e-12
  9.0  9.0  1.7704235e-01  1.088e-05  4.835e-11
  9.0  9.0  1.7740321e-01  4.255e-06  5.965e-12
  9.0  8.0  1.7764151e-01  1.801e-06  2.348e-12
  9.0  8.0  1.7790669e-01  2.167e-04  6.767e-11
  9.0  9.0  1.7827210e-01  1.641e-05  2.497e-12
  9.0  9.0  1.7847896e-01  1.094e-03  4.141e-11
  9.0  8.0  1.7861474e-01  5.131e-05  1.448e-11
  9.0  9.0  1.7871316e-01  9.627e-05  6.122e-12
  9.0  8.0  1.7891136e-01  3.858e-06  1.646e-12
  9.0  9.0  1.7917790e-01  1.622e-05  3.958e-12
  9.0  8.0  1.8034933e-01  4.942e-07  1.055e-12
  9.0  8.0  1.8065689e-01  2.806e-06  3.054e-12
  9.0  9.0  1.8142007e-01  2.286e-06  2.612e-12
  9.0  9.0  1.8205705e-01  1.352e-05  1.823e-12
  9.0  8.0  1.8228213e-01  2.367e-06  2.538e-12
  9.0  8.0  1.8313279e-01  7.354e-07  1.447e-12
  9.0  8.0  1.8320752e-01  3.536e-04  6.459e-11
  9.0  9.0  1.8362123e-01  2.947e-03  6.858e-11
  9.0  8.0  1.8479677e-01  4.033e-07  1.131e-12
  9.0  9.0  1.8568935e-01  2.782e-06  1.695e-12
  9.0  9.0  1.8605613e-01  1.542e-05  2.141e-12
  9.0  8.0  1.8645982e-01  3.961e-05  7.096e-12
  9.0  8.0  1.8712778e-01  2.000e-04  6.467e-11
  9.0  9.0  1.8748363e-01  3.255e-04  5.506e-11
  9.0  8.0  1.8766452e-01  1.809e-05  9.095e-12
  9.0  8.0  1.8982239e-01  2.458e-04  2.360e-11
  9.0  8.0  1.8999918e-01  1.529e-04  1.647e-11
  9.0  9.0  1.9033225e-01  1.040e-06  6.087e-12
  9.0  9.0  1.9060380e-01  7.547e-06  2.232e-12
  9.0  8.0  1.9159025e-01  4.380e-06  1.793e-12
  9.0  9.0  1.9191056e-01  5.930e-04  2.204e-11
  9.0  9.0  1.9203085e-01  1.642e-04  7.807e-12
  9.0  8.0  1.9251473e-01  1.224e-07  2.177e-12
  9.0  8.0  1.9301729e-01  9.619e-06  2.689e-11
  9.0  9.0  1.9304326e-01  2.720e-05  4.253e-12
  9.0  9.0  1.9318177e-01  1.525e-03  6.468e-11
  9.0  8.0  1.9396820e-01  9.669e-07  7.327e-12
  9.0  8.0  1.9426709e-01  7.370e-05  1.178e-10
  9.0  9.0  1.9600989e-01  1.012e-05  1.454e-11
  9.0  8.0  1.9655391e-01  1.732e-08  5.452e-12
  9.0  8.0  1.9733806e-01  1.670e-05  1.316e-11
  9.0  8.0  1.9762009e-01  1.077e-04  9.080e-11
  9.0  8.0  1.9854913e-01  1.207e-06  3.436e-12
  9.0  9.0  2.0111343e-01  1.476e-09  8.185e-14
  9.0  8.0  2.0217915e-01  1.899e-06  8.800e-11
  9.0  8.0  2.0283754e-01  2.702e-07  1.229e-11
  9.0  8.0  2.0393972e-01  4.971e-06  4.268e-12
  9.0  9.0  2.0464413e-01  8.919e-04  7.057e-11
  9.0  8.0  2.0520866e-01  2.733e-04  7.200e-11
  9.0  9.0  2.0558182e-01  3.606e-07  4.194e-12
  9.0  9.0  2.0711275e-01  1.020e-05  2.060e-12
  9.0  8.0  2.0756883e-01  1.959e-07  1.125e-12
  9.0  8.0  2.0912300e-01  2.972e-06  8.123e-11
  9.0  8.0  2.1028577e-01  1.020e-07  2.087e-12
  9.0  9.0  2.1264777e-01  1.776e-09  5.114e-12
  9.0  8.0  2.1324465e-01  6.121e-05  1.236e-10
  9.0  9.0  2.1386340e-01  7.387e-05  5.403e-11
  9.0  8.0  2.1410671e-01  3.011e-06  6.434e-12
  9.0  8.0  2.1604406e-01  1.200e-05  8.857e-11
  9.0  9.0  2.1618257e-01  1.271e-08  4.067e-12
  9.0  8.0  2.1708518e-01  4.015e-09  4.825e-12
  9.0  8.0  2.1943670e-01  5.415e-07  5.929e-13
  9.0  8.0  2.2017665e-01  1.344e-07  4.293e-12
  9.0  9.0  2.2063000e-01  2.859e-05  5.651e-11
  9.0  8.0  2.2085053e-01  7.682e-05  7.952e-11
  9.0  8.0  2.2099178e-01  1.779e-04  8.948e-11
  9.0  9.0  2.2188254e-01  1.999e-06  4.689e-11
  9.0  8.0  2.2196729e-01  6.241e-07  4.882e-11
  9.0  8.0  2.2351370e-01  9.835e-09  9.404e-13
  9.0  9.0  2.2477763e-01  1.174e-06  4.741e-12
  9.0  9.0  2.2572079e-01  3.942e-05  4.399e-11
  9.0  8.0  2.2575861e-01  1.524e-07  1.367e-12
  9.0  9.0  2.2596182e-01  1.875e-07  1.335e-12
  9.0  8.0  2.2744126e-01  2.350e-08  1.080e-12
  9.0  8.0  2.3021788e-01  4.708e-09  2.603e-12
  9.0  9.0  2.3096193e-01  1.963e-05  3.664e-12
  9.0  9.0  2.3121253e-01  9.730e-04  5.518e-11
  9.0  8.0  2.3218804e-01  1.180e-06  2.815e-12
  9.0  9.0  2.3311981e-01  8.125e-05  7.807e-11
  9.0  8.0  2.3359594e-01  1.768e-07  6.256e-11
  9.0  8.0  2.3394860e-01  1.995e-04  1.062e-10
  9.0  8.0  2.3430537e-01  2.586e-06  5.394e-12
  9.0  9.0  2.3703461e-01  2.384e-07  6.157e-11
  9.0  8.0  2.3781465e-01  7.289e-06  4.680e-11
  9.0  9.0  2.3819009e-01  1.979e-07  1.596e-12
  9.0  8.0  2.3822335e-01  6.759e-05  1.201e-10
  9.0  8.0  2.3894325e-01  2.799e-08  2.929e-12
  9.0  9.0  2.3927677e-01  1.792e-07  3.035e-12
  9.0  9.0  2.4158820e-01  2.497e-07  6.331e-11
  9.0  8.0  2.4276510e-01  1.438e-07  1.933e-12
  9.0  8.0  2.4361075e-01  6.424e-09  2.373e-12
  9.0  9.0  2.4520957e-01  2.853e-09  8.140e-12
  9.0  8.0  2.4682843e-01  1.435e-06  1.276e-10
  9.0  8.0  2.4831926e-01  2.254e-07  3.048e-12
  9.0  9.0  2.4842223e-01  1.142e-07  7.747e-12
  9.0  8.0  2.4951439e-01  4.152e-07  4.906e-12
  9.0  9.0  2.4985110e-01  3.487e-10  8.659e-12
  9.0  8.0  2.5023474e-01  1.725e-07  3.383e-12
  9.0  8.0  2.5114008e-01  3.863e-06  8.233e-11
  9.0  8.0  2.5154195e-01  1.954e-08  3.666e-12
  9.0  9.0  2.5255756e-01  2.974e-08  4.302e-11
  9.0  9.0  2.5310249e-01  6.898e-08  9.532e-12
  9.0  8.0  2.5314851e-01  4.998e-07  2.900e-11
  9.0  9.0  2.5430309e-01  3.639e-06  4.380e-11
  9.0  8.0  2.5464208e-01  2.348e-08  3.807e-12
  9.0  9.0  2.5465028e-01  1.940e-09  8.257e-12
  9.0  8.0  2.5519795e-01  1.487e-07  7.474e-12
  9.0  8.0  2.5601672e-01  1.636e-07  4.509e-12
  9.0  8.0  2.5834227e-01  3.422e-09  2.676e-12
  9.0  9.0  2.5860699e-01  1.147e-09  8.835e-12
  9.0  8.0  2.5988049e-01  1.937e-08  3.007e-12
  9.0  8.0  2.6110933e-01  6.728e-06  9.173e-11
  9.0  9.0  2.6199417e-01  2.105e-12  5.754e-12
  9.0  9.0  2.6265802e-01  2.026e-05  5.023e-11
  9.0  8.0  2.6277558e-01  1.281e-06  2.587e-11
  9.0  9.0  2.6286443e-01  1.643e-06  1.201e-11
  9.0  8.0  2.6301251e-01  2.205e-06  5.071e-11
  9.0  8.0  2.6322802e-01  1.747e-06  3.438e-11
  9.0  8.0  2.6377433e-01  2.428e-08  5.581e-12
  9.0  8.0  2.6414293e-01  1.669e-06  1.022e-10
  9.0  8.0  2.6452521e-01  6.151e-09  5.677e-12
  9.0  8.0  2.6510933e-01  1.304e-06  9.201e-11
  9.0  9.0  2.6558228e-01  1.876e-06  1.097e-11
  9.0  9.0  2.6593585e-01  9.494e-07  5.805e-11
  9.0  8.0  2.6645755e-01  4.506e-08  2.388e-11
  9.0  8.0  2.6670313e-01  6.862e-12  2.995e-11
  9.0  9.0  2.6679016e-01  3.176e-08  5.543e-12
  9.0  8.0  2.6755380e-01  1.093e-08  5.929e-12
  9.0  9.0  2.6796478e-01  7.899e-08  7.016e-11
  9.0  8.0  2.6843545e-01  1.228e-07  1.398e-10
  9.0  9.0  2.6852293e-01  5.426e-07  6.971e-12
  9.0  8.0  2.7118383e-01  4.384e-07  5.669e-12
  9.0  8.0  2.7189552e-01  3.360e-08  3.051e-12
  9.0  9.0  2.7223679e-01  3.571e-07  4.791e-12
  9.0  9.0  2.7332667e-01  7.229e-06  6.520e-11
  9.0  8.0  2.7375040e-01  3.803e-08  9.215e-11
  9.0  8.0  2.7381237e-01  1.373e-10  1.786e-11
  9.0  8.0  2.7521800e-01  2.265e-05  2.699e-11
  9.0  9.0  2.7540982e-01  5.348e-08  1.013e-11
  9.0  9.0  2.7610056e-01  1.338e-06  3.655e-11
  9.0  8.0  2.7958250e-01  8.135e-09  4.975e-12
  9.0  8.0  2.8161326e-01  1.686e-05  1.092e-10
  9.0  8.0  2.8487696e-01  1.142e-05  2.522e-11
  9.0  9.0  2.8487787e-01  2.978e-07  3.174e-11
  9.0  9.0  2.8510249e-01  9.045e-09  1.064e-11
  9.0  8.0  2.8552259e-01  8.809e-08  2.670e-12
  9.0  9.0  2.8554628e-01  4.997e-07  2.520e-11
  9.0  9.0  2.8725080e-01  8.403e-08  5.075e-11
  9.0  8.0  2.8753694e-01  5.623e-07  6.622e-12
  9.0  9.0  2.8940276e-01  1.796e-04  5.741e-11
  9.0  8.0  2.9036733e-01  2.947e-05  6.058e-11
  9.0  9.0  2.9046301e-01  4.090e-06  9.738e-12
  9.0  8.0  2.9094052e-01  1.403e-06  5.584e-12
  9.0  8.0  2.9136243e-01  9.474e-07  5.661e-12
  9.0  8.0  2.9245322e-01  5.050e-06  1.410e-10
  9.0  9.0  2.9254480e-01  2.731e-07  1.360e-11
  9.0  8.0  2.9292571e-01  1.129e-07  1.214e-11
  9.0  9.0  2.9302504e-01  2.023e-05  4.917e-11
  9.0  9.0  2.9327427e-01  4.051e-09  1.169e-11
  9.0  8.0  2.9358091e-01  7.608e-09  6.968e-12
  9.0  8.0  2.9469812e-01  2.034e-08  1.505e-11
  9.0  8.0  2.9511411e-01  2.860e-06  1.340e-10
  9.0  9.0  2.9559617e-01  7.625e-08  9.455e-12
  9.0  8.0  2.9560118e-01  4.308e-06  1.029e-10
  9.0  8.0  2.9801558e-01  1.592e-05  8.325e-11
  9.0  9.0  2.9849810e-01  8.232e-05  5.059e-11
  9.0  9.0  2.9884620e-01  2.167e-05  1.775e-11
  9.0  8.0  3.0065096e-01  1.143e-07  3.430e-12
  9.0  8.0  3.0104326e-01  1.825e-06  2.629e-11
  9.0  8.0  3.0158683e-01  6.465e-06  5.877e-11
  9.0  8.0  3.0508791e-01  5.993e-09  0.000e+00
  9.0  8.0  3.0528201e-01  7.134e-08  0.000e+00
  9.0  9.0  3.0659196e-01  3.156e-09  0.000e+00
  9.0  8.0  3.0771008e-01  3.206e-09  0.000e+00
  9.0  8.0  3.0926424e-01  1.321e-08  0.000e+00
  9.0  8.0  3.0947930e-01  1.867e-06  0.000e+00
  9.0  9.0  3.1075644e-01  1.241e-05  0.000e+00
  9.0  8.0  3.1275439e-01  3.488e-06  0.000e+00
  9.0  8.0  3.2137041e-01  4.781e-10  0.000e+00
  9.0  8.0  3.2309361e-01  4.109e-09  0.000e+00
  9.0  9.0  3.2396205e-01  1.187e-11  0.000e+00
  9.0  8.0  3.2493027e-01  2.639e-06  0.000e+00
  9.0  8.0  3.3547680e-01  4.616e-10  0.000e+00
  9.0  9.0  3.3622221e-01  4.985e-06  0.000e+00
  9.0  8.0  3.3679722e-01  3.409e-06  0.000e+00
  9.0  8.0  3.3937701e-01  2.754e-05  0.000e+00
  9.0  8.0  3.4384677e-01  3.170e-05  0.000e+00
  9.0  9.0  3.5807254e-01  5.659e-08  0.000e+00
  9.0  8.0  3.5845026e-01  1.296e-07  0.000e+00
  9.0  8.0  3.6037849e-01  4.203e-07  0.000e+00
  9.0  9.0  3.6303574e-01  1.189e-09  0.000e+00
  9.0  8.0  3.6623155e-01  1.052e-08  0.000e+00
  9.0  8.0  3.6711730e-01  2.603e-06  0.000e+00
  9.0  8.0  3.7113644e-01  7.283e-08  0.000e+00
  9.0  9.0  3.7263365e-01  7.310e-09  0.000e+00
  9.0  8.0  3.7436141e-01  3.839e-07  0.000e+00
  9.0  9.0  3.7626595e-01  6.683e-05  0.000e+00
  9.0  9.0  3.7830992e-01  3.378e-06  0.000e+00
  9.0  8.0  3.8187343e-01  2.754e-05  0.000e+00
  9.0  8.0  3.8504645e-01  1.010e-05  0.000e+00
  9.0  9.0  3.8987753e-01  8.844e-09  0.000e+00
  9.0  8.0  3.9153922e-01  1.355e-09  0.000e+00
  9.0  8.0  4.0299656e-01  1.904e-07  0.000e+00
  9.0  8.0  4.0321162e-01  3.886e-12  0.000e+00
  9.0  8.0  4.0558182e-01  1.233e-09  0.000e+00
  9.0  8.0  4.0720888e-01  9.220e-09  0.000e+00
  9.0  8.0  4.0922050e-01  1.242e-07  0.000e+00
  9.0  8.0  4.1032906e-01  5.183e-09  0.000e+00
  9.0  9.0  4.1135742e-01  7.329e-10  0.000e+00
  9.0  9.0  4.1986955e-01  1.706e-06  0.000e+00
  9.0  8.0  4.2174494e-01  6.534e-07  0.000e+00
  9.0  8.0  4.2307128e-01  3.778e-08  0.000e+00
  9.0  8.0  4.2526105e-01  1.340e-08  0.000e+00
  9.0  8.0  4.2669220e-01  1.519e-07  0.000e+00
  9.0  8.0  4.2818348e-01  9.024e-08  0.000e+00
  9.0  8.0  4.2955038e-01  3.257e-07  0.000e+00
  9.0  9.0  4.3064253e-01  1.331e-08  0.000e+00
  9.0  9.0  4.3830081e-01  4.012e-07  0.000e+00
  9.0  8.0  4.4335059e-01  3.449e-07  0.000e+00
  9.0  8.0  4.4543784e-01  4.167e-08  0.000e+00
  9.0  9.0  4.4636505e-01  3.023e-08  0.000e+00
  9.0  8.0  4.5047395e-01  1.098e-08  0.000e+00
  9.0  8.0  4.9803882e-01  1.433e-07  0.000e+00
  9.0  8.0  5.0450060e-01  1.233e-08  0.000e+00
  9.0  9.0  5.0767500e-01  1.739e-07  0.000e+00
  9.0  8.0  5.1539888e-01  3.826e-07  0.000e+00
  9.0 10.0  2.2630003e-02  9.245e-05  1.481e-12
  9.0 10.0  2.8714113e-02  2.939e-04  3.273e-12
  9.0 10.0  4.0966898e-02  8.291e-02  3.510e-13
  9.0 10.0  4.6866705e-02  2.688e-04  1.768e-12
  9.0 10.0  7.8341816e-02  2.638e-05  1.033e-15
  9.0 10.0  1.1114327e-01  4.616e-06  2.458e-12
  9.0 10.0  1.1436870e-01  7.448e-06  8.168e-13
  9.0 10.0  1.2560460e-01  6.054e-06  2.080e-13
  9.0 10.0  1.3285099e-01  1.380e-05  1.268e-12
  9.0 10.0  1.3966452e-01  7.485e-08  1.731e-12
  9.0 10.0  1.4371145e-01  1.358e-05  2.281e-12
  9.0 10.0  1.4737246e-01  6.134e-04  2.868e-12
  9.0 10.0  1.5027256e-01  4.569e-02  8.211e-11
  9.0 10.0  1.5506172e-01  4.957e-05  2.293e-11
  9.0 10.0  1.5821424e-01  8.588e-06  1.592e-12
  9.0 10.0  1.5973241e-01  1.310e-06  1.277e-12
  9.0 10.0  1.6262704e-01  2.639e-07  9.740e-13
  9.0 10.0  1.6305169e-01  3.986e-03  1.843e-11
  9.0 10.0  1.6615409e-01  4.340e-03  1.831e-11
  9.0 10.0  1.6620376e-01  4.902e-03  2.409e-11
  9.0 10.0  1.6872022e-01  4.776e-03  4.161e-11
  9.0 10.0  1.6914031e-01  3.446e-05  1.629e-12
  9.0 10.0  1.7071498e-01  7.245e-05  3.986e-13
  9.0 10.0  1.7229238e-01  3.125e-07  4.890e-12
  9.0 10.0  1.7325376e-01  2.094e-06  9.105e-13
  9.0 10.0  1.7481522e-01  5.004e-06  7.627e-13
  9.0 10.0  1.7604953e-01  9.132e-09  2.716e-12
  9.0 10.0  1.7806570e-01  4.185e-06  1.816e-12
  9.0 10.0  1.7821105e-01  1.088e-05  1.023e-12
  9.0 10.0  1.7869675e-01  1.990e-03  2.344e-11
  9.0 10.0  1.8062089e-01  9.808e-07  1.758e-12
  9.0 10.0  1.8262978e-01  5.512e-04  1.514e-11
  9.0 10.0  1.8305169e-01  3.530e-05  1.179e-12
  9.0 10.0  1.8699155e-01  5.103e-05  1.311e-12
  9.0 10.0  1.9114054e-01  1.601e-03  2.479e-11
  9.0 10.0  1.9136152e-01  1.157e-03  1.975e-11
  9.0 10.0  1.9363923e-01  4.642e-05  4.368e-12
  9.0 10.0  2.0322073e-01  7.759e-09  9.244e-13
  9.0 10.0  2.0371509e-01  2.115e-04  2.119e-11
  9.0 10.0  2.0431425e-01  6.341e-07  2.977e-12
  9.0 10.0  2.1529272e-01  1.433e-09  2.926e-12
  9.0 10.0  2.1708974e-01  8.948e-09  1.648e-12
  9.0 10.0  2.2581556e-01  3.916e-06  1.753e-11
  9.0 10.0  2.2691136e-01  8.072e-07  2.685e-12
  9.0 10.0  2.2819305e-01  5.854e-05  9.778e-11
  9.0 10.0  2.3320820e-01  9.989e-06  2.149e-11
  9.0 10.0  2.3915466e-01  1.991e-05  4.789e-11
  9.0 10.0  2.4424226e-01  1.054e-05  6.655e-11
  9.0 10.0  2.4506422e-01  1.386e-06  4.322e-12
  9.0 10.0  2.5241267e-01  3.932e-06  4.382e-12
  9.0 10.0  2.5391580e-01  3.812e-07  1.726e-11
  9.0 10.0  2.5853364e-01  3.234e-06  9.846e-12
  9.0 10.0  2.6010648e-01  2.279e-07  3.412e-12
  9.0 10.0  2.6125194e-01  7.985e-10  3.251e-12
  9.0 10.0  2.6345219e-01  1.564e-07  3.774e-12
  9.0 10.0  2.6390418e-01  2.863e-06  2.213e-11
  9.0 10.0  2.6681112e-01  8.853e-08  1.040e-10
  9.0 10.0  2.6773195e-01  2.226e-08  2.627e-11
  9.0 10.0  2.6936585e-01  3.484e-09  4.850e-11
  9.0 10.0  2.7704417e-01  1.821e-06  1.050e-10
  9.0 10.0  2.8006821e-01  5.217e-09  3.262e-12
  9.0 10.0  2.8543875e-01  1.027e-06  3.413e-12
  9.0 10.0  2.8645253e-01  1.586e-04  1.337e-11
  9.0 10.0  2.8650767e-01  1.064e-04  1.065e-11
  9.0 10.0  2.9166816e-01  7.766e-07  6.594e-11
  9.0 10.0  2.9412038e-01  4.796e-07  8.115e-12
  9.0 10.0  2.9628099e-01  8.334e-05  1.702e-11
  9.0 10.0  2.9974152e-01  7.994e-09  9.593e-12
  9.0 10.0  3.6324397e-01  2.796e-08  0.000e+00
  9.0 10.0  3.6959367e-01  1.925e-10  0.000e+00
  9.0 10.0  3.7750254e-01  5.943e-08  0.000e+00
  9.0 10.0  4.4054252e-01  6.126e-08  0.000e+00
  9.0  9.0  7.7752045e-02  1.278e-03  4.928e-10
  9.0  8.0  7.9661009e-02  2.435e-03  4.833e-10
  9.0  8.0  8.7075840e-02  5.827e-02  1.249e-10
  9.0  8.0  9.7622372e-02  5.954e-04  4.243e-10
  9.0  9.0  1.0580540e-01  1.617e-05  5.727e-10
  9.0  8.0  1.0600164e-01  5.626e-05  3.758e-10
  9.0 10.0  1.0666140e-01  1.194e-04  5.212e-10
  9.0 10.0  1.0712678e-01  1.406e-02  6.131e-10
  9.0  9.0  1.0692967e-01  5.405e-03  2.910e-10
  9.0  8.0  1.0864089e-01  1.041e-03  1.051e-10
  9.0  8.0  1.0988254e-01  2.292e-03  2.238e-11
  9.0  9.0  1.0989530e-01  2.421e-03  3.129e-11
  9.0  8.0  1.1048169e-01  1.411e-03  2.401e-11
  9.0  9.0  1.1057464e-01  9.406e-03  1.448e-10
  9.0 10.0  1.1085440e-01  2.790e-02  4.192e-10
  9.0  8.0  1.2566064e-01  6.405e-06  9.086e-11
  9.0  9.0  1.2577729e-01  4.994e-05  2.956e-10
  9.0 10.0  1.2624021e-01  1.599e-04  7.409e-10
  9.0  9.0  1.2659150e-01  4.795e-06  2.898e-11
  9.0  8.0  1.2662750e-01  1.425e-06  5.643e-12
  9.0  8.0  1.2776612e-01  4.035e-08  2.950e-14
  9.0  8.0  1.2863274e-01  6.328e-08  8.583e-14
  9.0  9.0  1.2888652e-01  4.063e-09  4.814e-13
  9.0  8.0  1.4006183e-01  8.372e-08  9.901e-15
  9.0  8.0  1.4043545e-01  4.527e-08  5.756e-15
  9.0  9.0  1.4052794e-01  2.826e-08  1.201e-14
  9.0  8.0  1.4174266e-01  8.366e-09  2.584e-16
  9.0  8.0  1.5139250e-01  3.645e-09  1.605e-15
  9.0  9.0  1.6577273e-01  2.350e-07  4.531e-10
  9.0  8.0  1.6642474e-01  1.150e-10  4.305e-14
  9.0  8.0  1.6661747e-01  4.075e-07  5.004e-10
  9.0  8.0  1.7359549e-01  1.368e-06  1.233e-10
  9.0  8.0  1.8472022e-01  1.297e-07  4.242e-10
  9.0  8.0  1.9187912e-01  1.725e-09  5.229e-13
  9.0  9.0  1.9221902e-01  1.025e-08  4.139e-13
  9.0  8.0  1.9299360e-01  2.030e-07  1.527e-11
  9.0 10.0  1.9393813e-01  2.384e-08  6.090e-10
  9.0  9.0  1.9400601e-01  1.081e-07  5.340e-10
  9.0  8.0  1.9412175e-01  2.683e-07  3.261e-10
  9.0 10.0  1.9458193e-01  3.480e-08  5.783e-10
  9.0  9.0  1.9485759e-01  1.362e-07  3.271e-10
  9.0  8.0  1.9524442e-01  9.081e-08  9.512e-11
  9.0  9.0  1.9536380e-01  2.609e-10  2.852e-11
  9.0 10.0  1.9554788e-01  6.914e-07  4.743e-10
  9.0  8.0  1.9583902e-01  3.939e-08  3.677e-11
  9.0  8.0  1.9620034e-01  2.613e-07  4.055e-13
  9.0  9.0  1.9643818e-01  4.077e-08  3.866e-10
  9.0 10.0  1.9656849e-01  1.070e-06  3.460e-10
  9.0  9.0  1.9667101e-01  2.245e-07  1.467e-10
  9.0  8.0  1.9689746e-01  4.277e-10  3.694e-11
  9.0  8.0  1.9741734e-01  3.183e-08  5.543e-10
  9.0  8.0  1.9997936e-01  7.088e-08  3.790e-13
  9.0  9.0  2.0344809e-01  9.443e-06  1.250e-10
  9.0  8.0  2.1247600e-01  1.363e-09  3.099e-12
  9.0  9.0  2.1266691e-01  1.679e-08  1.034e-10
  9.0  8.0  2.1285828e-01  2.008e-08  3.333e-11
  9.0 10.0  2.1313484e-01  8.738e-08  7.338e-10
  9.0  9.0  2.1322779e-01  4.124e-08  2.149e-10
  9.0  8.0  2.1347930e-01  3.343e-08  5.629e-11
  9.0  9.0  2.1432359e-01  1.506e-09  7.507e-12
  9.0  8.0  2.1444297e-01  1.899e-10  3.736e-12
  9.0  8.0  2.1557157e-01  2.316e-10  1.221e-13
  9.0  9.0  2.1632610e-01  1.694e-07  4.068e-10
  9.0  8.0  2.1635343e-01  1.003e-08  4.850e-10
  9.0  8.0  2.1677216e-01  2.311e-08  7.957e-13
  9.0  9.0  2.1716401e-01  7.151e-09  9.168e-14
  9.0  8.0  2.1756724e-01  1.531e-08  1.840e-13
  9.0 10.0  2.1910090e-01  1.245e-07  4.063e-10
  9.0  8.0  2.1997663e-01  2.405e-08  1.073e-13
  9.0  9.0  2.2014111e-01  1.111e-09  3.545e-10
  9.0  8.0  2.2327313e-01  4.416e-07  1.278e-10
  9.0  8.0  2.2344399e-01  3.388e-08  9.014e-10
  9.0 10.0  2.2391466e-01  4.122e-08  2.654e-10
  9.0  9.0  2.2393744e-01  7.949e-10  5.237e-10
  9.0 10.0  2.2472022e-01  4.520e-08  4.877e-10
  9.0 10.0  2.2508427e-01  4.331e-07  6.425e-10
  9.0  9.0  2.2518314e-01  5.933e-09  4.945e-10
  9.0  8.0  2.2530890e-01  3.723e-08  3.314e-10
  9.0  9.0  2.2584108e-01  4.575e-07  3.624e-10
  9.0 10.0  2.2610398e-01  4.047e-06  1.431e-10
  9.0  8.0  2.2641107e-01  8.796e-07  1.298e-10
  9.0 10.0  2.2666668e-01  1.161e-06  1.997e-10
  9.0  8.0  2.2668673e-01  2.511e-08  4.913e-10
  9.0  9.0  2.2687172e-01  1.181e-07  4.024e-10
  9.0  9.0  2.2697150e-01  2.844e-06  2.079e-10
  9.0  8.0  2.2699656e-01  1.046e-06  1.078e-10
  9.0  8.0  2.2720524e-01  6.356e-08  8.903e-12
  9.0  8.0  2.2835571e-01  4.097e-09  1.173e-12
  9.0  9.0  2.2846415e-01  1.310e-09  4.866e-13
  9.0  8.0  2.2902230e-01  2.127e-09  9.167e-13
  9.0  8.0  2.2922506e-01  5.428e-07  3.717e-10
  9.0  8.0  2.3141483e-01  1.276e-08  4.042e-10
  9.0  8.0  2.3368844e-01  1.090e-06  1.381e-10
  9.0 10.0  2.3812721e-01  6.015e-09  4.822e-10
  9.0  9.0  2.3827985e-01  2.082e-10  3.741e-10
  9.0  8.0  2.3845162e-01  7.822e-09  5.748e-10
  9.0  9.0  2.4391922e-01  6.750e-10  4.810e-11
  9.0 10.0  2.4407140e-01  8.942e-09  7.734e-10
  9.0  8.0  2.4453295e-01  6.890e-10  3.602e-11
  9.0  9.0  2.4462955e-01  7.210e-11  4.176e-10
  9.0 10.0  2.4492799e-01  1.911e-08  4.432e-10
  9.0  8.0  2.4495988e-01  1.571e-08  3.250e-10
  9.0  9.0  2.4517448e-01  1.780e-07  1.223e-10
  9.0  9.0  2.4528201e-01  3.543e-08  4.029e-10
  9.0  8.0  2.4535902e-01  5.250e-09  9.266e-11
  9.0 10.0  2.4569208e-01  2.454e-07  2.550e-10
  9.0  9.0  2.4608028e-01  1.345e-07  4.719e-12
  9.0  9.0  2.4623520e-01  1.337e-07  1.205e-10
  9.0 10.0  2.4631721e-01  7.605e-09  4.922e-12
  9.0  8.0  2.4665802e-01  3.323e-08  3.532e-11
  9.0  8.0  2.4740663e-01  6.607e-09  7.629e-10
  9.0  9.0  2.4802492e-01  1.703e-07  4.814e-10
  9.0 10.0  2.4807049e-01  1.605e-10  1.833e-10
  9.0 10.0  2.4881545e-01  3.213e-08  3.350e-10
  9.0  8.0  2.4882638e-01  1.113e-06  3.814e-10
  9.0  9.0  2.4925012e-01  3.019e-07  3.186e-10
  9.0  9.0  2.4968844e-01  3.434e-07  3.204e-10
  9.0  8.0  2.4980462e-01  9.952e-08  3.001e-10
  9.0 10.0  2.4990896e-01  3.201e-07  9.321e-11
  9.0  8.0  2.5164401e-01  1.895e-10  2.690e-13
  9.0  9.0  2.5397184e-01  1.164e-09  2.506e-11
  9.0 10.0  2.5438100e-01  8.717e-09  8.057e-10
  9.0  8.0  2.5481704e-01  1.062e-09  2.676e-11
  9.0  9.0  2.5514373e-01  7.166e-14  4.081e-10
  9.0  8.0  2.5528406e-01  3.647e-09  2.757e-10
  9.0 10.0  2.5549867e-01  3.297e-08  4.221e-10
  9.0  8.0  2.5587365e-01  1.031e-09  1.311e-10
  9.0  9.0  2.5592742e-01  4.990e-09  4.311e-10
  9.0 10.0  2.5598619e-01  4.659e-07  2.643e-10
  9.0  9.0  2.5672933e-01  2.361e-07  1.346e-10
  9.0  8.0  2.5712072e-01  3.649e-08  4.146e-11
  9.0  8.0  2.5715990e-01  3.478e-10  2.424e-12
  9.0  9.0  2.5734763e-01  9.004e-08  1.790e-10
  9.0  8.0  2.5740093e-01  1.093e-07  7.758e-11
  9.0 10.0  2.5761098e-01  3.157e-07  6.698e-10
  9.0  9.0  2.5793721e-01  7.370e-08  1.150e-10
  9.0  8.0  2.5833635e-01  3.079e-09  1.231e-11
  9.0  9.0  2.5843294e-01  8.589e-09  1.562e-11
  9.0  8.0  2.5881613e-01  1.756e-10  2.234e-12
  9.0  8.0  2.5909452e-01  3.556e-11  4.223e-12
  9.0  9.0  2.5954833e-01  1.279e-08  8.635e-11
  9.0 10.0  2.5960255e-01  4.118e-08  7.009e-10
  9.0  8.0  2.5998802e-01  2.907e-10  1.505e-11
  9.0  9.0  2.6006958e-01  3.309e-09  1.630e-10
  9.0  8.0  2.6030878e-01  3.147e-09  4.852e-11
  9.0  9.0  2.6038396e-01  4.005e-09  6.338e-11
  9.0  8.0  2.6087878e-01  1.445e-09  3.118e-11
  9.0  8.0  2.6120638e-01  1.388e-10  4.827e-10
  9.0  9.0  2.6182650e-01  9.690e-11  3.813e-10
  9.0  8.0  2.6318291e-01  1.949e-12  8.889e-13
  9.0  8.0  2.6416981e-01  2.642e-09  3.185e-12
  9.0  9.0  2.6425684e-01  1.394e-09  4.026e-12
  9.0  8.0  2.6459948e-01  9.990e-11  8.480e-13
  9.0 10.0  2.6560141e-01  2.408e-10  8.699e-10
  9.0  8.0  2.6587206e-01  3.730e-10  2.447e-11
  9.0  8.0  2.6613587e-01  8.918e-12  8.848e-10
  9.0 10.0  2.6679836e-01  6.499e-10  3.149e-10
  9.0  9.0  2.6680246e-01  5.583e-09  5.238e-10
  9.0  9.0  2.6691728e-01  8.294e-10  4.657e-10
  9.0  8.0  2.6723896e-01  1.278e-09  3.162e-10
  9.0 10.0  2.6734193e-01  5.901e-11  2.675e-10
  9.0  9.0  2.6750049e-01  7.667e-10  4.290e-10
  9.0  8.0  2.6761759e-01  1.326e-12  1.234e-10
  9.0  8.0  2.6826094e-01  2.095e-09  1.387e-10
  9.0 10.0  2.6843044e-01  3.562e-08  1.449e-10
  9.0  8.0  2.6856485e-01  3.354e-08  1.155e-10
  9.0  9.0  2.6874027e-01  6.268e-08  1.737e-10
  9.0  8.0  2.8066600e-01  5.715e-09  3.774e-10
  9.0  8.0  2.8741620e-01  1.965e-10  2.435e-13
  9.0  9.0  2.8781715e-01  5.140e-11  1.652e-13
  9.0  9.0  2.8803950e-01  2.756e-12  1.696e-11
  9.0  8.0  2.8814977e-01  3.160e-10  1.929e-13
  9.0 10.0  2.8883458e-01  6.732e-11  7.833e-10
  9.0  8.0  2.8907607e-01  1.737e-12  8.255e-12
  9.0  8.0  2.8957954e-01  1.100e-10  3.409e-13
  9.0  9.0  2.8981465e-01  1.560e-11  3.590e-10
  9.0  8.0  2.9012357e-01  2.459e-11  8.752e-11
  9.0 10.0  2.9017733e-01  5.391e-10  3.340e-10
  9.0  9.0  2.9074505e-01  5.965e-11  4.469e-10
  9.0 10.0  2.9077102e-01  8.976e-11  3.447e-10
  9.0  8.0  2.9089359e-01  1.352e-12  3.323e-10
  9.0  9.0  2.9143442e-01  2.181e-11  1.655e-10
  9.0  8.0  2.9175519e-01  3.855e-11  4.369e-11
  9.0  8.0  2.9780645e-01  8.293e-11  2.728e-13
  9.0  9.0  3.0027096e-01  7.307e-07  3.500e-10
  9.0  8.0  3.0112938e-01  2.163e-07  4.290e-10
  9.0  8.0  3.0632951e-01  1.888e-10  0.000e+00
  9.0  8.0  3.0807504e-01  7.101e-06  0.000e+00
  9.0  8.0  3.0829284e-01  1.041e-08  0.000e+00
  9.0  9.0  3.0842451e-01  4.789e-10  0.000e+00
  9.0 10.0  3.0881499e-01  4.920e-09  0.000e+00
  9.0  8.0  3.0906741e-01  1.161e-10  0.000e+00
  9.0  9.0  3.0948158e-01  3.715e-09  0.000e+00
  9.0  8.0  3.0972352e-01  1.654e-10  0.000e+00
  9.0  9.0  3.1008848e-01  4.150e-13  0.000e+00
  9.0  8.0  3.1078424e-01  6.055e-09  0.000e+00
  9.0 10.0  3.1101570e-01  5.864e-11  0.000e+00
  9.0  9.0  3.1103529e-01  4.831e-12  0.000e+00
  9.0  8.0  3.1311662e-01  2.346e-07  0.000e+00
  9.0  8.0  3.1706194e-01  5.805e-10  0.000e+00
  9.0  9.0  3.1737451e-01  7.278e-11  0.000e+00
  9.0  8.0  3.1755585e-01  2.307e-12  0.000e+00
  9.0 10.0  3.1796865e-01  8.227e-11  0.000e+00
  9.0  8.0  3.1930776e-01  1.265e-10  0.000e+00
  9.0  8.0  3.2495305e-01  4.977e-11  0.000e+00
  9.0 10.0  3.2822905e-01  3.146e-07  0.000e+00
  9.0  8.0  3.2850835e-01  6.986e-08  0.000e+00
  9.0  9.0  3.2866737e-01  8.857e-08  0.000e+00
  9.0 10.0  3.2917312e-01  7.274e-07  0.000e+00
  9.0  9.0  3.2930707e-01  4.438e-08  0.000e+00
  9.0  8.0  3.2994952e-01  3.569e-08  0.000e+00
  9.0  9.0  3.2998688e-01  4.057e-07  0.000e+00
  9.0 10.0  3.3067306e-01  2.227e-06  0.000e+00
  9.0  8.0  3.3076373e-01  7.819e-08  0.000e+00
  9.0  9.0  3.3148819e-01  1.059e-06  0.000e+00
  9.0  8.0  3.3153421e-01  1.748e-07  0.000e+00
  9.0  8.0  3.3172056e-01  4.426e-08  0.000e+00
  9.0  9.0  3.3179255e-01  2.156e-08  0.000e+00
  9.0  8.0  3.3243909e-01  5.553e-09  0.000e+00
  9.0  8.0  3.3379323e-01  2.927e-10  0.000e+00
  9.0  9.0  3.3814635e-01  1.757e-08  0.000e+00
  9.0  8.0  3.3827757e-01  3.575e-11  0.000e+00
  9.0  9.0  3.3883754e-01  1.048e-12  0.000e+00
  9.0  8.0  3.3908313e-01  6.390e-12  0.000e+00
  9.0 10.0  3.3952555e-01  7.596e-12  0.000e+00
  9.0 10.0  3.3971919e-01  7.147e-11  0.000e+00
  9.0  9.0  3.3988413e-01  1.835e-11  0.000e+00
  9.0  8.0  3.3999166e-01  1.471e-08  0.000e+00
  9.0  8.0  3.4007276e-01  7.346e-11  0.000e+00
  9.0  8.0  3.4036984e-01  4.602e-14  0.000e+00
  9.0  9.0  3.4042998e-01  2.302e-11  0.000e+00
  9.0 10.0  3.4051245e-01  1.417e-10  0.000e+00
  9.0  8.0  3.4053933e-01  2.355e-10  0.000e+00
  9.0  9.0  3.4065142e-01  2.197e-09  0.000e+00
  9.0 10.0  3.4114441e-01  6.023e-08  0.000e+00
  9.0  9.0  3.4137679e-01  2.695e-10  0.000e+00
  9.0  8.0  3.4138043e-01  1.023e-09  0.000e+00
  9.0  8.0  3.4176544e-01  3.381e-10  0.000e+00
  9.0  9.0  3.4181920e-01  1.632e-08  0.000e+00
  9.0 10.0  3.4184837e-01  1.796e-09  0.000e+00
  9.0  9.0  3.4207755e-01  5.499e-09  0.000e+00
  9.0  8.0  3.4247167e-01  4.526e-11  0.000e+00
  9.0  8.0  3.4312277e-01  4.409e-17  0.000e+00
  9.0  9.0  3.4362169e-01  9.926e-10  0.000e+00
  9.0  8.0  3.4368548e-01  2.984e-10  0.000e+00
  9.0  8.0  3.4453386e-01  2.004e-10  0.000e+00
  9.0  8.0  3.4530252e-01  1.216e-07  0.000e+00
  9.0  8.0  3.4739752e-01  1.006e-11  0.000e+00
  9.0  9.0  3.6583333e-01  1.202e-10  0.000e+00
  9.0 10.0  3.6589621e-01  7.890e-10  0.000e+00
  9.0  8.0  3.6668627e-01  1.173e-09  0.000e+00
  9.0  9.0  3.6669037e-01  7.584e-10  0.000e+00
  9.0  8.0  3.6682934e-01  6.279e-10  0.000e+00
  9.0 10.0  3.6688994e-01  2.320e-10  0.000e+00
  9.0  9.0  3.6714418e-01  3.528e-09  0.000e+00
  9.0  8.0  3.6733008e-01  1.875e-10  0.000e+00
  9.0 10.0  3.6755608e-01  4.685e-08  0.000e+00
  9.0 10.0  3.6797754e-01  5.749e-09  0.000e+00
  9.0  9.0  3.6799348e-01  2.325e-09  0.000e+00
  9.0  9.0  3.6836164e-01  1.765e-08  0.000e+00
  9.0  8.0  3.6854480e-01  2.512e-09  0.000e+00
  9.0  8.0  3.6876715e-01  9.363e-10  0.000e+00
  9.0  9.0  3.6886967e-01  3.312e-09  0.000e+00
  9.0  8.0  3.6903461e-01  1.613e-11  0.000e+00
  9.0  8.0  3.6968160e-01  7.629e-10  0.000e+00
  9.0  9.0  3.7016913e-01  8.444e-10  0.000e+00
  9.0  8.0  3.7110272e-01  6.638e-10  0.000e+00
  9.0  8.0  3.7277854e-01  1.456e-11  0.000e+00
  9.0  9.0  3.7333122e-01  4.615e-11  0.000e+00
  9.0  8.0  3.7399235e-01  3.650e-12  0.000e+00
  9.0  8.0  3.7435822e-01  3.284e-10  0.000e+00
  9.0  8.0  3.7813815e-01  1.310e-11  0.000e+00
  9.0  8.0  3.8068924e-01  1.180e-12  0.000e+00
  9.0  8.0  3.9980850e-01  3.139e-12  0.000e+00
  9.0  8.0  4.0025092e-01  1.862e-12  0.000e+00
  9.0  9.0  4.0026504e-01  1.414e-12  0.000e+00
  9.0  8.0  4.0147292e-01  1.613e-11  0.000e+00
  9.0  8.0  4.4985839e-01  8.376e-13  0.000e+00
  9.0  9.0  4.7520023e-01  2.234e-11  0.000e+00
  9.0  8.0  4.7558114e-01  5.359e-14  0.000e+00
  9.0  8.0  4.7705329e-01  2.249e-10  0.000e+00
  9.0  8.0  4.7766566e-01  4.836e-11  0.000e+00
  9.0  8.0  4.9287923e-01  1.018e-13  0.000e+00
  9.0  9.0  4.9321412e-01  3.603e-12  0.000e+00
  9.0  8.0  4.9355357e-01  9.932e-12  0.000e+00
  9.0  8.0  4.9452908e-01  1.215e-11  0.000e+00
  9.0  8.0  4.9498654e-01  2.965e-11  0.000e+00
  9.0  8.0  4.3446999e-02  6.190e-03  6.871e-13
  9.0  8.0  5.2852170e-02  4.750e-02  1.032e-12
  9.0  8.0  5.8565030e-02  3.175e-01  3.093e-12
  9.0  8.0  6.3283609e-02  8.015e-03  3.123e-12
  9.0  8.0  6.5615081e-02  2.261e-01  3.228e-12
  9.0  8.0  6.8543752e-02  2.427e-01  5.648e-12
  9.0  8.0  7.0912268e-02  1.015e-01  4.654e-11
  9.0  8.0  7.1550154e-02  6.567e-02  2.918e-12
  9.0  8.0  7.4188723e-02  2.202e-02  1.635e-12
  9.0  8.0  7.7932430e-02  1.100e-02  2.322e-12
  9.0  8.0  7.8568675e-02  2.778e-03  6.539e-12
  9.0  8.0  8.0033033e-02  1.063e-01  3.719e-12
  9.0  8.0  8.0818499e-02  1.377e-02  8.366e-13
  9.0  8.0  8.1891195e-02  1.463e+00  3.085e-11
  9.0  8.0  8.5642784e-02  4.259e-02  3.013e-12
  9.0  8.0  8.6263720e-02  2.327e-01  8.036e-12
  9.0  8.0  8.7388495e-02  1.444e-01  5.315e-11
  9.0  8.0  8.8595694e-02  7.896e-03  1.484e-11
  9.0  8.0  8.9988381e-02  1.123e-02  1.983e-10
  9.0  8.0  9.0717075e-02  4.672e-02  8.985e-11
  9.0  8.0  9.1830368e-02  3.991e-02  4.902e-12
  9.0  8.0  9.3018203e-02  7.033e-01  2.188e-11
  9.0  8.0  9.4959563e-02  3.516e-02  3.005e-11
  9.0  8.0  9.5821255e-02  1.802e-02  1.839e-11
  9.0  8.0  9.6507666e-02  5.464e-02  4.456e-12
  9.0  8.0  9.7599134e-02  2.724e-02  3.998e-11
  9.0  8.0  9.9114706e-02  3.993e-05  5.584e-11
  9.0  8.0  9.9699647e-02  8.489e-03  8.466e-11
  9.0  8.0  1.0093947e-01  6.203e-02  4.962e-10
  9.0  8.0  1.0225679e-01  3.737e-02  2.048e-10
  9.0  8.0  1.0356369e-01  1.127e-01  2.833e-11
  9.0  8.0  1.0451108e-01  6.239e-02  6.487e-10
  9.0  8.0  1.0526716e-01  9.187e-03  2.248e-10
  9.0  8.0  1.0621465e-01  4.551e-02  3.754e-11
  9.0  8.0  1.0749078e-01  5.335e-01  5.404e-11
  9.0  8.0  1.0776038e-01  2.322e-02  6.066e-10
  9.0  8.0  1.0833885e-01  3.909e-01  8.712e-11
  9.0  8.0  1.0957681e-01  2.144e-01  1.555e-09
  9.0  8.0  1.1047851e-01  7.038e-01  1.974e-10
  9.0  8.0  1.1079973e-01  2.935e-01  6.979e-11
  9.0  8.0  1.1353307e-01  2.830e-01  5.678e-11
  9.0  8.0  1.1449309e-01  9.398e-01  2.487e-10
  9.0  8.0  1.1525263e-01  7.014e-01  7.586e-10
  9.0  8.0  1.1559982e-01  6.918e-01  3.673e-10
  9.0  8.0  1.1577843e-01  5.058e-02  5.104e-10
  9.0  8.0  1.1653432e-01  1.192e-01  8.589e-11
  9.0  8.0  1.1727928e-01  2.514e-01  2.282e-11
  9.0  8.0  1.1872318e-01  4.808e+00  3.809e-10
  9.0  8.0  1.1955107e-01  3.386e+00  2.974e-10
  9.0  8.0  1.2029192e-01  4.962e-02  2.301e-10
  9.0  8.0  1.2152168e-01  5.091e-01  4.611e-10
  9.0  8.0  1.2235457e-01  4.386e-01  4.608e-10
  9.0  8.0  1.2353512e-01  5.544e-01  8.563e-11
  9.0  8.0  1.2367819e-01  5.709e-03  1.787e-10
  9.0  8.0  1.2517585e-01  6.895e-01  7.712e-11
  9.0  8.0  1.2555038e-01  4.812e+00  3.650e-10
  9.0  8.0  1.2607071e-01  5.943e+00  4.383e-10
  9.0  8.0  1.2787456e-01  4.841e+01  3.157e-09
  9.0  8.0  1.2855756e-01  5.485e+00  4.149e-10
  9.0  8.0  1.3098517e-01  9.449e+00  7.009e-10
  9.0  8.0  1.3238259e-01  5.806e-02  4.517e-11
  9.0  8.0  1.3326516e-01  3.643e+00  3.054e-10
  9.0  8.0  1.3420604e-01  3.938e-01  1.540e-10
  9.0  8.0  1.3453273e-01  7.758e-01  7.061e-11
  9.0  8.0  1.3506946e-01  5.665e-02  1.120e-10
  9.0  8.0  1.3563308e-01  3.273e+01  2.797e-09
  9.0  8.0  1.4372785e-01  2.894e-01  2.363e-10
  9.0  8.0  1.4398711e-01  3.576e-01  1.178e-09
  9.0  8.0  1.4489609e-01  3.032e-02  5.040e-10
  9.0  8.0  1.4604246e-01  3.770e-02  4.033e-09
  9.0  8.0  1.4816025e-01  4.487e-02  5.637e-10
  9.0  8.0  1.4921504e-01  1.809e-03  6.773e-10
  9.0  8.0  1.5084575e-01  1.480e-05  3.829e-10
  9.0  8.0  1.5129591e-01  5.076e-02  3.426e-11
  9.0  8.0  1.5547497e-01  1.760e-01  2.359e-10
  9.0  8.0  1.6150801e-01  5.018e-01  1.159e-10
  9.0  8.0  1.6275325e-01  5.788e-03  1.665e-11
  9.0  8.0  1.6480542e-01  6.116e-04  2.007e-12
  9.0  8.0  1.6800852e-01  1.078e-01  2.287e-10
  9.0  8.0  1.6891705e-01  8.867e-04  1.031e-11
  9.0  8.0  1.7201854e-01  4.754e-04  3.563e-11
  9.0  8.0  1.7379733e-01  1.291e-04  5.440e-12
  9.0  8.0  1.7516697e-01  1.214e-04  8.136e-12
  9.0  8.0  1.7590281e-01  6.093e-06  1.541e-11
  9.0  8.0  1.7746655e-01  8.690e-05  1.057e-11
  9.0  8.0  1.7829625e-01  1.169e-03  2.753e-11
  9.0  8.0  1.7914191e-01  3.718e-06  5.991e-11
  9.0  8.0  1.7994154e-01  1.293e-05  8.400e-12
  9.0  8.0  1.8118815e-01  6.200e-06  1.774e-11
  9.0  8.0  1.8156268e-01  3.894e-04  3.125e-11
  9.0  8.0  1.8242565e-01  7.679e-06  3.193e-11
  9.0  8.0  1.8281522e-01  2.297e-04  2.113e-11
  9.0  8.0  1.8373013e-01  5.072e-04  1.811e-11
  9.0  8.0  1.8433020e-01  5.049e-06  4.754e-11
  9.0  8.0  1.8500180e-01  3.137e-05  3.273e-11
  9.0  8.0  1.8588755e-01  1.775e-06  1.934e-11
  9.0  8.0  1.8633680e-01  1.600e-04  6.814e-12
  9.0  8.0  1.8690452e-01  9.915e-05  1.854e-11
  9.0  8.0  1.8741848e-01  1.755e-04  3.928e-11
  9.0  8.0  1.8835890e-01  9.639e-07  1.386e-11
  9.0  8.0  1.8883413e-01  5.302e-04  5.821e-11
  9.0  8.0  1.8928976e-01  1.603e-04  4.154e-11
  9.0  8.0  1.8979642e-01  1.941e-04  2.581e-11
  9.0  8.0  1.9001148e-01  2.427e-06  2.153e-11
  9.0  8.0  1.9045572e-01  1.733e-04  4.912e-11
  9.0  8.0  1.9104668e-01  3.139e-05  3.555e-11
  9.0  8.0  1.9178435e-01  5.100e-04  2.268e-11
  9.0  8.0  1.9205591e-01  1.819e-04  4.051e-11
  9.0  8.0  1.9222540e-01  3.778e-04  7.263e-11
  9.0  8.0  1.9256394e-01  2.256e-05  1.542e-11
  9.0  8.0  1.9335947e-01  1.882e-04  2.358e-11
  9.0  8.0  1.9392354e-01  1.444e-05  1.768e-11
  9.0  8.0  1.9454731e-01  2.100e-05  2.185e-11
  9.0  8.0  1.9457191e-01  1.454e-04  2.805e-11
  9.0  8.0  1.9472500e-01  2.246e-05  4.983e-11
  9.0  8.0  1.9528999e-01  5.478e-04  3.026e-11
  9.0  8.0  1.9581488e-01  5.765e-06  4.746e-11
  9.0  8.0  1.9615478e-01  1.498e-05  2.017e-11
  9.0  8.0  1.9635617e-01  1.038e-07  3.590e-11
  9.0  8.0  1.9708381e-01  3.472e-05  3.889e-11
  9.0  8.0  1.9759458e-01  8.447e-05  5.834e-11
  9.0  8.0  1.9785064e-01  1.362e-05  3.763e-11
  9.0  8.0  1.9838966e-01  3.268e-05  2.029e-11
  9.0  8.0  1.9846939e-01  3.513e-06  4.957e-11
  9.0  8.0  1.9896375e-01  2.392e-05  3.600e-11
  9.0  8.0  1.9930685e-01  7.531e-06  5.474e-11
  9.0  8.0  1.9952601e-01  2.060e-06  2.726e-11
  9.0  8.0  2.0019305e-01  5.460e-05  3.749e-11
  9.0  8.0  2.0037166e-01  3.914e-04  1.785e-11
  9.0  8.0  2.0079859e-01  1.440e-04  2.661e-11
  9.0  8.0  2.0121731e-01  8.211e-05  4.323e-11
  9.0  8.0  2.0135127e-01  1.937e-05  2.776e-11
  9.0  8.0  2.0179688e-01  3.124e-07  4.301e-11
  9.0  8.0  2.0200009e-01  7.635e-05  2.905e-11
  9.0  8.0  2.0226618e-01  1.649e-04  5.453e-11
  9.0  8.0  2.0264982e-01  3.764e-08  5.628e-11
  9.0  8.0  2.0304850e-01  6.666e-05  4.604e-11
  9.0  8.0  2.0333965e-01  9.657e-05  4.687e-11
  9.0  8.0  2.0336334e-01  5.910e-05  7.289e-11
  9.0  8.0  2.0429101e-01  7.780e-05  4.336e-11
  9.0  8.0  2.0512482e-01  3.000e-04  1.646e-10
  9.0  8.0  2.0526105e-01  2.630e-05  1.220e-10
  9.0  8.0  2.0559412e-01  4.942e-04  8.539e-11
  9.0  8.0  2.0578731e-01  1.453e-04  2.718e-11
  9.0  8.0  2.0611856e-01  1.129e-04  5.496e-11
  9.0  8.0  2.0633726e-01  1.239e-04  6.427e-11
  9.0  8.0  2.0675416e-01  1.488e-04  8.700e-11
  9.0  8.0  2.0688174e-01  1.768e-04  8.839e-11
  9.0  8.0  2.0734694e-01  1.944e-07  1.383e-10
  9.0  8.0  2.0757840e-01  2.116e-04  1.013e-10
  9.0  8.0  2.0789233e-01  1.552e-04  5.063e-11
  9.0  8.0  2.0845413e-01  9.515e-06  4.856e-11
  9.0  8.0  2.0899952e-01  3.562e-06  3.819e-11
  9.0  8.0  2.0929568e-01  3.336e-05  7.203e-11
  9.0  8.0  2.0950527e-01  2.768e-04  1.626e-10
  9.0  8.0  2.0993448e-01  2.556e-04  2.910e-10
  9.0  8.0  2.1017961e-01  7.225e-04  1.872e-10
  9.0  8.0  2.1054138e-01  1.375e-05  2.193e-10
  9.0  8.0  2.1068491e-01  8.638e-05  5.304e-11
  9.0  8.0  2.1089632e-01  1.743e-05  4.943e-11
  9.0  8.0  2.1142258e-01  2.335e-04  2.883e-10
  9.0  8.0  2.1143442e-01  5.417e-05  3.624e-11
  9.0  8.0  2.1185907e-01  6.428e-05  1.838e-10
  9.0  8.0  2.1238943e-01  6.890e-04  1.614e-10
  9.0  8.0  2.1260267e-01  1.820e-04  5.196e-10
  9.0  8.0  2.1304372e-01  1.289e-05  7.383e-11
  9.0  8.0  2.1344786e-01  1.469e-06  3.715e-11
  9.0  8.0  2.1358273e-01  8.535e-06  1.104e-10
  9.0  8.0  2.1373127e-01  6.217e-04  1.807e-10
  9.0  8.0  2.1429033e-01  2.447e-05  4.247e-10
  9.0  8.0  2.1437006e-01  3.268e-04  2.837e-10
  9.0  8.0  2.1459970e-01  1.164e-04  3.150e-10
  9.0  8.0  2.1510318e-01  3.680e-05  5.592e-11
  9.0  8.0  2.1553648e-01  1.456e-03  5.358e-10
  9.0  8.0  2.1579938e-01  2.863e-05  4.042e-10
  9.0  8.0  2.1619305e-01  1.210e-04  1.309e-10
  9.0  8.0  2.1664322e-01  1.109e-04  1.149e-10
  9.0  8.0  2.1668650e-01  3.987e-06  7.592e-11
  9.0  8.0  2.1700043e-01  4.942e-04  2.791e-10
  9.0  8.0  2.1753990e-01  8.789e-05  2.229e-10
  9.0  8.0  2.1785702e-01  6.281e-04  6.518e-10
  9.0  8.0  2.1814407e-01  1.976e-04  5.831e-10
  9.0  8.0  2.1840196e-01  2.113e-04  2.151e-10
  9.0  8.0  2.1853683e-01  3.335e-04  1.671e-10
  9.0  8.0  2.1872227e-01  1.501e-04  8.452e-11
  9.0  8.0  2.1905807e-01  1.295e-04  2.776e-10
  9.0  8.0  2.1947908e-01  6.033e-04  5.206e-10
  9.0  8.0  2.1967272e-01  1.834e-05  8.599e-11
  9.0  8.0  2.1988914e-01  3.498e-04  4.566e-10
  9.0  8.0  2.1999576e-01  8.375e-05  1.691e-10
  9.0  8.0  2.2016708e-01  2.314e-03  5.568e-10
  9.0  8.0  2.2050835e-01  6.088e-04  4.613e-10
  9.0  8.0  2.2103552e-01  1.488e-04  3.047e-10
  9.0  8.0  2.2142508e-01  5.918e-04  4.042e-10
  9.0  8.0  2.2155949e-01  5.321e-07  2.548e-10
  9.0  8.0  2.2171805e-01  1.269e-04  4.142e-10
  9.0  8.0  2.2188482e-01  1.519e-05  5.630e-10
  9.0  8.0  2.2197230e-01  4.592e-05  2.395e-10
  9.0  8.0  2.2230947e-01  9.677e-06  4.140e-10
  9.0  8.0  2.2292047e-01  1.733e-04  6.935e-10
  9.0  8.0  2.2301205e-01  3.859e-05  6.032e-11
  9.0  8.0  2.2336380e-01  1.372e-05  2.228e-10
  9.0  8.0  2.2352008e-01  7.510e-05  1.068e-10
  9.0  8.0  2.2356109e-01  3.529e-04  6.335e-10
  9.0  8.0  2.2388596e-01  1.944e-05  1.665e-10
  9.0  8.0  2.2440264e-01  6.832e-04  1.577e-10
  9.0  8.0  2.2493619e-01  8.888e-04  2.874e-10
  9.0  8.0  2.2512755e-01  5.235e-04  4.916e-10
  9.0  8.0  2.2531846e-01  8.680e-04  2.115e-10
  9.0  8.0  2.2541096e-01  2.571e-05  7.288e-10
  9.0  8.0  2.2577182e-01  1.735e-05  4.878e-10
  9.0  8.0  2.2604657e-01  1.295e-05  7.707e-11
  9.0  8.0  2.2636095e-01  1.552e-06  2.812e-10
  9.0  8.0  2.2685805e-01  1.228e-04  3.392e-10
  9.0  8.0  2.2698562e-01  2.079e-04  3.923e-10
  9.0  8.0  2.2720706e-01  7.059e-05  1.561e-10
  9.0  8.0  2.2737474e-01  8.213e-05  2.556e-10
  9.0  8.0  2.2743078e-01  2.050e-04  1.787e-10
  9.0  8.0  2.2756519e-01  9.734e-06  6.003e-10
  9.0  8.0  2.2784176e-01  3.199e-04  2.903e-10
  9.0  8.0  2.2847327e-01  9.009e-04  5.388e-10
  9.0  8.0  2.2879859e-01  8.208e-04  3.640e-10
  9.0  8.0  2.2905237e-01  1.251e-03  4.982e-10
  9.0  8.0  2.2920911e-01  4.574e-05  1.074e-09
  9.0  8.0  2.2923098e-01  9.199e-05  3.332e-10
  9.0  8.0  2.2977683e-01  1.616e-04  5.468e-10
  9.0  8.0  2.3000738e-01  7.230e-04  4.139e-10
  9.0  8.0  2.3030035e-01  3.645e-03  1.003e-09
  9.0  8.0  2.3045572e-01  8.094e-05  3.463e-10
  9.0  8.0  2.3060426e-01  4.723e-04  4.750e-10
  9.0  8.0  2.3095009e-01  2.547e-03  1.135e-09
  9.0  8.0  2.3110181e-01  2.092e-03  5.798e-10
  9.0  8.0  2.3139068e-01  5.984e-04  3.693e-10
  9.0  8.0  2.3166999e-01  8.229e-04  2.263e-10
  9.0  8.0  2.3200396e-01  8.616e-04  1.724e-10
  9.0  8.0  2.3227142e-01  2.201e-03  7.543e-10
  9.0  8.0  2.3259948e-01  3.943e-06  4.249e-10
  9.0  8.0  2.3283003e-01  1.168e-03  3.465e-10
  9.0  8.0  2.3321640e-01  2.200e-04  3.105e-10
  9.0  8.0  2.3337770e-01  4.205e-03  8.009e-10
  9.0  8.0  2.3392537e-01  5.005e-05  4.246e-10
  9.0  8.0  2.3424431e-01  1.998e-03  1.010e-09
  9.0  8.0  2.3434273e-01  3.936e-05  3.774e-10
  9.0  8.0  2.3461246e-01  9.883e-04  3.671e-10
  9.0  8.0  2.3483208e-01  2.679e-04  1.587e-09
  9.0  8.0  2.3512414e-01  1.792e-04  4.141e-10
  9.0  8.0  2.3522757e-01  1.674e-04  2.917e-10
  9.0  8.0  2.3559253e-01  4.565e-04  1.300e-09
  9.0  8.0  2.3584039e-01  1.438e-04  8.975e-10
  9.0  8.0  2.3609418e-01  2.930e-03  1.035e-09
  9.0  8.0  2.3655072e-01  2.768e-04  7.413e-10
  9.0  8.0  2.3669060e-01  5.725e-05  2.293e-10
  9.0  8.0  2.3685554e-01  2.116e-03  6.691e-10
  9.0  8.0  2.3706604e-01  5.453e-04  7.849e-10
  9.0  8.0  2.3730069e-01  1.588e-07  4.982e-10
  9.0  8.0  2.3764925e-01  2.192e-04  3.160e-10
  9.0  8.0  2.3785155e-01  4.301e-03  1.115e-09
  9.0  8.0  2.3807573e-01  3.578e-06  3.109e-10
  9.0  8.0  2.3832541e-01  6.465e-04  1.057e-09
  9.0  8.0  2.3871452e-01  4.631e-04  4.848e-10
  9.0  8.0  2.3912824e-01  3.267e-03  6.881e-10
  9.0  8.0  2.3941574e-01  1.361e-03  3.266e-10
  9.0  8.0  2.3948135e-01  5.167e-04  3.740e-10
  9.0  8.0  2.3969094e-01  2.255e-04  1.209e-09
  9.0  8.0  2.3992241e-01  9.404e-04  4.169e-10
  9.0  8.0  2.4004907e-01  1.716e-03  7.275e-10
  9.0  8.0  2.4060358e-01  1.218e-03  9.960e-10
  9.0  8.0  2.4070609e-01  7.535e-05  4.446e-10
  9.0  8.0  2.4088425e-01  4.307e-05  6.118e-10
  9.0  8.0  2.4138499e-01  8.783e-05  3.539e-10
  9.0  8.0  2.4156861e-01  5.388e-04  5.995e-10
  9.0  8.0  2.4201194e-01  1.384e-04  6.060e-10
  9.0  8.0  2.4218599e-01  1.494e-05  2.091e-10
  9.0  8.0  2.4229443e-01  7.620e-06  3.720e-10
  9.0  8.0  2.4268810e-01  5.467e-04  7.619e-10
  9.0  8.0  2.4296011e-01  1.574e-03  1.684e-09
  9.0  8.0  2.4348545e-01  5.472e-04  7.000e-10
  9.0  8.0  2.4356701e-01  2.941e-04  2.920e-10
  9.0  8.0  2.4395248e-01  2.477e-03  2.502e-09
  9.0  8.0  2.4405181e-01  2.913e-04  2.848e-10
  9.0  8.0  2.4420399e-01  2.870e-05  8.034e-10
  9.0  8.0  2.4457487e-01  7.275e-04  9.077e-10
  9.0  8.0  2.4491067e-01  6.021e-04  7.707e-10
  9.0  8.0  2.4550208e-01  1.188e-03  1.251e-09
  9.0  8.0  2.4571578e-01  1.440e-04  7.903e-10
  9.0  8.0  2.4585748e-01  1.315e-06  6.438e-10
  9.0  8.0  2.4629306e-01  2.179e-07  4.802e-10
  9.0  8.0  2.4676282e-01  3.601e-04  1.381e-09
  9.0  8.0  2.4708996e-01  4.362e-06  5.420e-10
  9.0  8.0  2.4719339e-01  1.765e-06  1.135e-09
  9.0  8.0  2.4746176e-01  1.282e-07  5.932e-10
  9.0  8.0  2.4778070e-01  2.060e-05  5.579e-10
  9.0  8.0  2.4790464e-01  3.032e-07  8.086e-10
  9.0  8.0  2.4820353e-01  6.647e-05  3.165e-10
  9.0  8.0  2.4845732e-01  6.946e-05  7.225e-10
  9.0  8.0  2.4856530e-01  8.439e-06  4.984e-10
  9.0  8.0  2.4879175e-01  3.374e-04  1.982e-09
  9.0  8.0  2.4916583e-01  2.779e-04  1.110e-09
  9.0  8.0  2.4949297e-01  2.261e-05  2.798e-10
  9.0  8.0  2.4989028e-01  1.017e-04  7.998e-10
  9.0  8.0  2.5026891e-01  2.022e-06  2.086e-10
  9.0  8.0  2.5061520e-01  5.616e-05  3.542e-10
  9.0  8.0  2.5083071e-01  5.534e-07  1.434e-09
  9.0  8.0  2.5091455e-01  1.936e-04  8.477e-10
  9.0  8.0  2.5114464e-01  2.439e-05  3.526e-10
  9.0  8.0  2.5142531e-01  7.151e-06  4.386e-10
  9.0  8.0  2.5198164e-01  1.901e-04  2.102e-09
  9.0  8.0  2.5209372e-01  1.591e-04  8.183e-10
  9.0  8.0  2.5259720e-01  3.528e-04  5.361e-10
  9.0  8.0  2.5278811e-01  9.379e-05  3.762e-10
  9.0  8.0  2.5302139e-01  3.222e-05  4.752e-10
  9.0  8.0  2.5346791e-01  1.228e-10  4.259e-10
  9.0  8.0  2.5377956e-01  4.462e-05  7.634e-10
  9.0  8.0  2.5390486e-01  3.639e-05  2.327e-10
  9.0  8.0  2.5429306e-01  8.120e-05  6.834e-10
  9.0  8.0  2.5443249e-01  2.327e-05  2.301e-09
  9.0  8.0  2.5497697e-01  4.192e-05  3.386e-10
  9.0  8.0  2.5546996e-01  1.359e-05  5.266e-10
  9.0  8.0  2.5560392e-01  2.747e-04  7.710e-10
  9.0  8.0  2.5590418e-01  9.149e-05  1.398e-09
  9.0  8.0  2.5635981e-01  1.652e-04  1.838e-09
  9.0  8.0  2.5651610e-01  1.871e-05  1.375e-09
  9.0  8.0  2.5671566e-01  5.945e-06  4.813e-10
  9.0  8.0  2.5717221e-01  1.175e-05  1.783e-10
  9.0  8.0  2.5750619e-01  1.212e-09  7.406e-10
  9.0  8.0  2.5787570e-01  1.266e-04  4.071e-10
  9.0  8.0  2.5817870e-01  1.054e-04  1.048e-09
  9.0  8.0  2.5856508e-01  1.549e-04  1.414e-09
  9.0  8.0  2.5870678e-01  1.480e-04  1.109e-09
  9.0  8.0  2.5937975e-01  5.069e-05  5.365e-10
  9.0  8.0  2.5957795e-01  8.226e-05  6.319e-10
  9.0  8.0  2.5983128e-01  1.604e-03  2.320e-09
  9.0  8.0  2.6011240e-01  5.119e-06  6.643e-10
  9.0  8.0  2.6042588e-01  4.082e-05  3.686e-10
  9.0  8.0  2.6083048e-01  2.425e-04  1.227e-09
  9.0  8.0  2.6111935e-01  1.254e-05  2.932e-10
  9.0  8.0  2.6127427e-01  1.971e-04  4.767e-10
  9.0  8.0  2.6146609e-01  1.800e-04  1.786e-09
  9.0  8.0  2.6206160e-01  3.426e-06  1.029e-10
  9.0  8.0  2.6223246e-01  2.380e-04  4.949e-10
  9.0  8.0  2.6239467e-01  2.380e-06  6.603e-10
  9.0  8.0  2.6305443e-01  1.535e-05  5.151e-10
  9.0  8.0  2.6320296e-01  2.758e-05  1.295e-09
  9.0  8.0  2.6372648e-01  6.263e-05  9.983e-10
  9.0  8.0  2.6388368e-01  9.666e-05  4.144e-10
  9.0  8.0  2.6412926e-01  6.968e-06  3.062e-10
  9.0  8.0  2.6455391e-01  7.473e-05  6.462e-10
  9.0  8.0  2.6492343e-01  1.018e-06  1.302e-09
  9.0  8.0  2.6522734e-01  3.904e-05  5.422e-10
  9.0  8.0  2.6558547e-01  5.130e-06  1.571e-09
  9.0  8.0  2.6630719e-01  2.759e-05  6.473e-10
  9.0  8.0  2.6688721e-01  2.061e-04  1.181e-09
  9.0  8.0  2.6693961e-01  2.188e-05  8.884e-11
  9.0  8.0  2.6722255e-01  1.164e-04  7.442e-10
  9.0  8.0  2.6742258e-01  7.601e-05  5.812e-10
  9.0  8.0  2.6763308e-01  4.619e-05  2.371e-10
  9.0  8.0  2.6809691e-01  9.179e-05  6.589e-10
  9.0  8.0  2.6829967e-01  5.193e-04  1.517e-09
  9.0  8.0  2.6876533e-01  3.229e-05  3.824e-10
  9.0  8.0  2.6890202e-01  1.760e-05  7.525e-10
  9.0  8.0  2.6958273e-01  7.636e-05  1.076e-09
  9.0  8.0  2.7020011e-01  3.596e-06  6.960e-10
  9.0  8.0  2.7066850e-01  3.366e-05  2.719e-10
  9.0  8.0  2.7072318e-01  1.236e-04  5.401e-10
  9.0  8.0  2.7118975e-01  1.643e-04  1.036e-09
  9.0  8.0  2.7147452e-01  3.739e-05  4.204e-10
  9.0  8.0  2.7179893e-01  1.520e-04  9.520e-10
  9.0  8.0  2.7219579e-01  1.415e-05  8.025e-10
  9.0  8.0  2.7247828e-01  4.861e-05  9.175e-10
  9.0  8.0  2.7307014e-01  1.403e-05  2.530e-10
  9.0  8.0  2.7323964e-01  8.513e-05  6.390e-10
  9.0  8.0  2.7353945e-01  2.981e-04  1.503e-09
  9.0  8.0  2.7366976e-01  1.985e-05  2.048e-10
  9.0  8.0  2.7465210e-01  1.148e-05  4.545e-10
  9.0  8.0  2.7508450e-01  8.200e-06  3.542e-10
  9.0  8.0  2.7545903e-01  7.903e-06  5.741e-10
  9.0  8.0  2.7604998e-01  3.235e-06  1.551e-09
  9.0  8.0  2.7651518e-01  5.275e-06  1.386e-10
  9.0  8.0  2.7690384e-01  2.698e-05  8.991e-10
  9.0  8.0  2.7710113e-01  1.010e-04  5.786e-10
  9.0  8.0  2.7737952e-01  6.930e-06  1.591e-09
  9.0  8.0  2.7804839e-01  1.957e-06  2.477e-10
  9.0  8.0  2.7849400e-01  6.903e-06  8.809e-10
  9.0  8.0  2.7897059e-01  1.117e-05  2.307e-10
  9.0  8.0  2.7924397e-01  3.823e-06  3.162e-10
  9.0  8.0  2.7957886e-01  4.991e-06  7.808e-10
  9.0  8.0  2.8003631e-01  8.849e-06  6.940e-10
  9.0  8.0  2.8045960e-01  7.837e-05  1.751e-09
  9.0  8.0  2.8126151e-01  6.255e-05  5.290e-10
  9.0  8.0  2.8170803e-01  6.795e-06  7.827e-10
  9.0  8.0  2.8176909e-01  5.430e-06  1.857e-09
  9.0  8.0  2.8210990e-01  8.097e-05  2.237e-09
  9.0  8.0  2.8257419e-01  2.407e-07  3.949e-10
  9.0  8.0  2.8322164e-01  6.791e-05  1.553e-09
  9.0  8.0  2.8402401e-01  3.664e-05  1.783e-09
  9.0  8.0  2.8465415e-01  3.365e-05  5.753e-10
  9.0  8.0  2.8516309e-01  7.144e-05  1.142e-09
  9.0  8.0  2.8571487e-01  8.044e-06  4.417e-10
  9.0  8.0  2.8637143e-01  7.540e-06  5.623e-10
  9.0  8.0  2.8706490e-01  3.901e-07  2.568e-10
  9.0  8.0  2.8756565e-01  1.829e-05  1.327e-10
  9.0  8.0  2.8817255e-01  8.253e-05  9.349e-10
  9.0  8.0  2.8872113e-01  1.632e-05  5.843e-10
  9.0  8.0  2.9019920e-01  1.619e-04  1.285e-09
  9.0  8.0  2.9109999e-01  2.723e-04  2.206e-09
  9.0  8.0  2.9166315e-01  1.323e-05  1.023e-09
  9.0  8.0  2.9231653e-01  6.563e-06  3.350e-10
  9.0  8.0  2.9324647e-01  4.344e-06  1.484e-10
  9.0  8.0  2.9429762e-01  5.693e-06  1.272e-09
  9.0  8.0  2.9497241e-01  7.966e-05  1.835e-09
  9.0  8.0  2.9623087e-01  4.185e-05  9.369e-10
  9.0  8.0  2.9658080e-01  2.471e-05  4.436e-10
  9.0  8.0  2.9700727e-01  3.969e-06  4.301e-10
  9.0  8.0  2.9739228e-01  6.912e-07  3.707e-10
  9.0  8.0  2.9953740e-01  1.275e-04  5.704e-10
  9.0  8.0  2.9976066e-01  2.020e-04  6.144e-10
  9.0  8.0  3.0023178e-01  2.567e-06  9.258e-11
  9.0  8.0  3.0024909e-01  2.435e-06  8.287e-11
  9.0  8.0  3.0125832e-01  6.755e-05  5.524e-10
  9.0  8.0  3.0181146e-01  7.398e-04  1.345e-09
  9.0  8.0  3.0234090e-01  6.911e-04  1.494e-09
  9.0  8.0  3.0313781e-01  7.091e-05  0.000e+00
  9.0  8.0  3.0444593e-01  8.642e-05  0.000e+00
  9.0  8.0  3.0467101e-01  3.036e-05  0.000e+00
  9.0  8.0  3.0569163e-01  1.474e-06  0.000e+00
  9.0  8.0  3.0650858e-01  1.115e-06  0.000e+00
  9.0  8.0  3.0660153e-01  1.057e-06  0.000e+00
  9.0  9.0  4.4299624e-02  9.431e-03  7.620e-14
  9.0  9.0  5.8087117e-02  3.610e-03  6.081e-12
  9.0  9.0  6.1323932e-02  2.045e-01  7.039e-12
  9.0  9.0  6.3498667e-02  9.146e-02  1.970e-11
  9.0  9.0  6.6807518e-02  9.419e-01  2.664e-11
  9.0  9.0  7.2760497e-02  1.706e+00  2.655e-11
  9.0  9.0  7.3876159e-02  6.760e-02  1.860e-12
  9.0  9.0  7.7292220e-02  3.523e-02  4.872e-12
  9.0  9.0  7.8460554e-02  3.450e+00  6.989e-11
  9.0  9.0  8.1062126e-02  5.263e-02  1.079e-11
  9.0  9.0  8.3288393e-02  6.930e-02  2.362e-11
  9.0  9.0  8.5250439e-02  9.234e-01  5.322e-11
  9.0  9.0  8.7788040e-02  1.912e-03  4.035e-11
  9.0  9.0  8.9259961e-02  1.294e-03  4.982e-11
  9.0  9.0  9.0016403e-02  8.408e-02  6.007e-11
  9.0  9.0  9.2542431e-02  1.919e-01  4.528e-11
  9.0  9.0  9.4219068e-02  2.882e-01  5.537e-10
  9.0  9.0  9.6563435e-02  4.074e-02  2.136e-10
  9.0  9.0  9.7201823e-02  1.245e+00  2.489e-10
  9.0  9.0  9.8981296e-02  6.732e-06  3.350e-10
  9.0  9.0  1.0145402e-01  8.108e-01  1.690e-10
  9.0  9.0  1.0226413e-01  9.553e-01  4.862e-10
  9.0  9.0  1.0363171e-01  9.373e-02  7.250e-10
  9.0  9.0  1.0580540e-01  3.364e-02  8.205e-11
  9.0  9.0  1.0784085e-01  1.479e+01  1.789e-09
  9.0  9.0  1.1088220e-01  4.761e-01  6.579e-11
  9.0  9.0  1.1120934e-01  4.797e-02  2.603e-10
  9.0  9.0  1.1223543e-01  3.697e+00  1.381e-09
  9.0  9.0  1.1331345e-01  3.909e+00  3.649e-10
  9.0  9.0  1.1470040e-01  7.544e-01  8.844e-10
  9.0  9.0  1.1726561e-01  1.863e+01  1.086e-09
  9.0  9.0  1.1974425e-01  8.650e+01  4.163e-09
  9.0  9.0  1.2128475e-01  2.654e+00  2.229e-10
  9.0  9.0  1.2257328e-01  4.680e+00  3.003e-10
  9.0  9.0  1.2350732e-01  9.568e-02  8.974e-12
  9.0  9.0  1.2895715e-01  4.905e-01  7.889e-10
  9.0  9.0  1.3047805e-01  2.616e-01  5.226e-10
  9.0  9.0  1.3481841e-01  9.665e-02  2.213e-09
  9.0  9.0  1.3501889e-01  1.311e-02  2.185e-09
  9.0  9.0  1.4018439e-01  5.809e-01  7.249e-10
  9.0  9.0  1.4075667e-01  2.441e-02  1.130e-10
  9.0  9.0  1.5332712e-01  1.674e-03  2.285e-11
  9.0  9.0  1.5367067e-01  2.045e-02  4.315e-12
  9.0  9.0  1.6377159e-01  8.867e-05  1.576e-11
  9.0  9.0  1.7037006e-01  1.382e-04  2.786e-11
  9.0  9.0  1.7102709e-01  1.930e-04  3.774e-11
  9.0  9.0  1.7256940e-01  3.503e-05  5.175e-11
  9.0  9.0  1.7418234e-01  8.221e-05  1.927e-11
  9.0  9.0  1.7675075e-01  5.390e-04  6.178e-11
  9.0  9.0  1.7720046e-01  3.883e-04  5.499e-11
  9.0  9.0  1.7842975e-01  3.643e-04  6.605e-11
  9.0  9.0  1.7891363e-01  3.814e-04  2.988e-11
  9.0  9.0  1.8075485e-01  2.892e-04  5.792e-11
  9.0  9.0  1.8087513e-01  2.252e-06  1.732e-11
  9.0  9.0  1.8174448e-01  1.832e-05  2.497e-11
  9.0  9.0  1.8298973e-01  1.022e-04  3.963e-11
  9.0  9.0  1.8382855e-01  1.333e-05  5.449e-11
  9.0  9.0  1.8415113e-01  6.911e-04  3.092e-11
  9.0  9.0  1.8516993e-01  8.685e-04  3.699e-11
  9.0  9.0  1.8524739e-01  7.890e-05  4.608e-11
  9.0  9.0  1.8631903e-01  2.494e-04  7.127e-11
  9.0  9.0  1.8709953e-01  7.637e-05  1.792e-11
  9.0  9.0  1.8732507e-01  3.985e-07  3.367e-11
  9.0  9.0  1.8780759e-01  2.234e-05  8.071e-11
  9.0  9.0  1.8853204e-01  8.688e-05  3.356e-11
  9.0  9.0  1.8890475e-01  5.359e-04  7.501e-11
  9.0  9.0  1.8917540e-01  3.563e-04  4.144e-11
  9.0  9.0  1.8992446e-01  3.239e-04  6.178e-11
  9.0  9.0  1.9044889e-01  3.897e-04  5.301e-11
  9.0  9.0  1.9073138e-01  6.337e-04  7.268e-11
  9.0  9.0  1.9166406e-01  4.001e-05  2.745e-11
  9.0  9.0  1.9195977e-01  1.332e-03  2.975e-11
  9.0  9.0  1.9209646e-01  2.273e-04  3.710e-11
  9.0  9.0  1.9284096e-01  1.938e-03  6.444e-11
  9.0  9.0  1.9312026e-01  5.877e-05  4.087e-11
  9.0  9.0  1.9360369e-01  1.083e-04  4.983e-11
  9.0  9.0  1.9367249e-01  5.844e-05  9.996e-11
  9.0  9.0  1.9425342e-01  6.450e-05  3.343e-11
  9.0  9.0  1.9492730e-01  3.036e-04  3.002e-11
  9.0  9.0  1.9526994e-01  4.289e-04  1.078e-10
  9.0  9.0  1.9589780e-01  6.685e-05  4.470e-11
  9.0  9.0  1.9630195e-01  3.531e-05  5.974e-11
  9.0  9.0  1.9659720e-01  1.486e-04  3.843e-11
  9.0  9.0  1.9700909e-01  2.145e-05  1.888e-11
  9.0  9.0  1.9758911e-01  1.077e-05  1.022e-10
  9.0  9.0  1.9839558e-01  1.847e-05  2.378e-11
  9.0  9.0  1.9885850e-01  1.650e-04  1.547e-11
  9.0  9.0  1.9899975e-01  1.254e-04  4.244e-11
  9.0  9.0  1.9931641e-01  1.584e-04  1.198e-11
  9.0  9.0  1.9976840e-01  2.711e-05  1.721e-11
  9.0  9.0  2.0010557e-01  3.004e-07  3.639e-11
  9.0  9.0  2.0042998e-01  1.744e-05  3.537e-11
  9.0  9.0  2.0081499e-01  7.558e-05  4.760e-11
  9.0  9.0  2.0158501e-01  1.249e-05  2.643e-11
  9.0  9.0  2.0167522e-01  8.876e-05  5.295e-11
  9.0  9.0  2.0197047e-01  1.169e-05  2.588e-11
  9.0  9.0  2.0274095e-01  1.207e-04  4.192e-11
  9.0  9.0  2.0296694e-01  5.733e-04  1.155e-10
  9.0  9.0  2.0353740e-01  2.167e-04  3.104e-10
  9.0  9.0  2.0382718e-01  1.220e-04  1.633e-10
  9.0  9.0  2.0416298e-01  3.784e-05  8.830e-11
  9.0  9.0  2.0439171e-01  9.951e-05  4.825e-11
  9.0  9.0  2.0450288e-01  1.422e-04  6.355e-11
  9.0  9.0  2.0520866e-01  1.025e-04  2.780e-11
  9.0  9.0  2.0613541e-01  8.690e-05  4.389e-11
  9.0  9.0  2.0646711e-01  5.843e-04  2.480e-10
  9.0  9.0  2.0675553e-01  8.259e-05  7.598e-11
  9.0  9.0  2.0685623e-01  1.170e-04  5.847e-11
  9.0  9.0  2.0734694e-01  5.149e-04  1.383e-10
  9.0  9.0  2.0763536e-01  1.181e-05  6.386e-11
  9.0  9.0  2.0796569e-01  6.262e-05  1.227e-10
  9.0  9.0  2.0821720e-01  1.573e-04  5.405e-11
  9.0  9.0  2.0886146e-01  1.081e-03  1.863e-10
  9.0  9.0  2.0931801e-01  5.232e-06  9.875e-11
  9.0  9.0  2.0969983e-01  1.203e-04  1.085e-10
  9.0  9.0  2.0991443e-01  2.240e-04  9.046e-11
  9.0  9.0  2.1026618e-01  1.731e-04  1.123e-10
  9.0  9.0  2.1053819e-01  1.867e-05  6.881e-11
  9.0  9.0  2.1097013e-01  3.324e-04  9.876e-11
  9.0  9.0  2.1127358e-01  1.333e-04  2.357e-10
  9.0  9.0  2.1156701e-01  1.797e-04  1.459e-10
  9.0  9.0  2.1171737e-01  2.351e-03  2.016e-10
  9.0  9.0  2.1208416e-01  1.221e-03  5.069e-10
  9.0  9.0  2.1260768e-01  4.003e-04  3.693e-10
  9.0  9.0  2.1293756e-01  3.141e-04  2.432e-10
  9.0  9.0  2.1324420e-01  3.656e-06  2.787e-10
  9.0  9.0  2.1394405e-01  3.115e-03  5.341e-10
  9.0  9.0  2.1399417e-01  1.427e-03  3.029e-10
  9.0  9.0  2.1461884e-01  2.254e-06  1.233e-10
  9.0  9.0  2.1465210e-01  1.846e-07  2.359e-10
  9.0  9.0  2.1507630e-01  2.150e-04  5.095e-10
  9.0  9.0  2.1537929e-01  3.614e-04  4.086e-10
  9.0  9.0  2.1568229e-01  2.428e-05  9.459e-11
  9.0  9.0  2.1602811e-01  2.988e-04  4.861e-10
  9.0  9.0  2.1628828e-01  8.735e-05  1.667e-10
  9.0  9.0  2.1648056e-01  6.819e-05  1.690e-10
  9.0  9.0  2.1684187e-01  3.242e-05  2.767e-10
  9.0  9.0  2.1717130e-01  1.787e-04  4.281e-10
  9.0  9.0  2.1766064e-01  1.425e-04  4.099e-10
  9.0  9.0  2.1802652e-01  1.673e-06  5.714e-10
  9.0  9.0  2.1859424e-01  3.268e-03  4.568e-10
  9.0  9.0  2.1893778e-01  8.200e-05  4.483e-10
  9.0  9.0  2.1928862e-01  5.722e-04  1.339e-10
  9.0  9.0  2.1966543e-01  2.468e-03  2.564e-10
  9.0  9.0  2.1973514e-01  1.083e-03  2.986e-10
  9.0  9.0  2.2015387e-01  2.538e-03  8.369e-10
  9.0  9.0  2.2029101e-01  1.582e-04  3.934e-10
  9.0  9.0  2.2049012e-01  9.201e-04  2.228e-10
  9.0  9.0  2.2096079e-01  4.199e-04  3.617e-10
  9.0  9.0  2.2120638e-01  5.690e-04  7.431e-10
  9.0  9.0  2.2128703e-01  3.154e-05  2.063e-10
  9.0  9.0  2.2198779e-01  8.740e-06  4.237e-10
  9.0  9.0  2.2210398e-01  3.088e-04  6.599e-10
  9.0  9.0  2.2265848e-01  1.503e-03  4.490e-10
  9.0  9.0  2.2271908e-01  5.723e-04  3.413e-10
  9.0  9.0  2.2318109e-01  2.484e-03  7.418e-10
  9.0  9.0  2.2329956e-01  1.817e-03  2.544e-10
  9.0  9.0  2.2363399e-01  1.746e-04  3.647e-10
  9.0  9.0  2.2386545e-01  2.226e-03  1.973e-10
  9.0  9.0  2.2403404e-01  3.892e-03  3.667e-10
  9.0  9.0  2.2423497e-01  5.141e-03  5.569e-10
  9.0  9.0  2.2462362e-01  2.045e-04  6.763e-10
  9.0  9.0  2.2487832e-01  7.559e-04  1.290e-09
  9.0  9.0  2.2541005e-01  1.026e-05  5.199e-10
  9.0  9.0  2.2551758e-01  4.257e-03  6.109e-10
  9.0  9.0  2.2610261e-01  1.203e-03  3.972e-10
  9.0  9.0  2.2630947e-01  1.379e-03  4.419e-10
  9.0  9.0  2.2663251e-01  4.095e-04  4.111e-10
  9.0  9.0  2.2701068e-01  1.203e-02  1.491e-09
  9.0  9.0  2.2753922e-01  1.565e-03  1.035e-09
  9.0  9.0  2.2773058e-01  3.748e-03  5.153e-10
  9.0  9.0  2.2793425e-01  4.576e-03  9.961e-10
  9.0  9.0  2.2842953e-01  4.648e-04  3.258e-10
  9.0  9.0  2.2864276e-01  4.518e-06  3.862e-10
  9.0  9.0  2.2896580e-01  1.013e-03  3.022e-10
  9.0  9.0  2.2919681e-01  1.440e-05  2.991e-10
  9.0  9.0  2.2974357e-01  6.674e-05  8.594e-10
  9.0  9.0  2.3037234e-01  1.437e-03  4.152e-10
  9.0  9.0  2.3053227e-01  1.608e-04  7.505e-10
  9.0  9.0  2.3082934e-01  9.505e-04  6.241e-10
  9.0  9.0  2.3097241e-01  1.051e-03  4.145e-10
  9.0  9.0  2.3149684e-01  2.860e-04  7.565e-10
  9.0  9.0  2.3184404e-01  2.001e-04  4.124e-10
  9.0  9.0  2.3189552e-01  8.829e-04  7.515e-10
  9.0  9.0  2.3233977e-01  9.277e-06  5.529e-10
  9.0  9.0  2.3249240e-01  1.841e-05  1.204e-09
  9.0  9.0  2.3258535e-01  5.477e-05  4.048e-10
  9.0  9.0  2.3295669e-01  7.766e-04  1.031e-09
  9.0  9.0  2.3351575e-01  5.774e-05  7.855e-10
  9.0  9.0  2.3386112e-01  9.775e-04  4.285e-10
  9.0  9.0  2.3399553e-01  1.617e-04  4.956e-10
  9.0  9.0  2.3446575e-01  2.143e-04  5.836e-10
  9.0  9.0  2.3454639e-01  2.028e-04  3.073e-10
  9.0  9.0  2.3476373e-01  6.079e-04  1.288e-09
  9.0  9.0  2.3504987e-01  1.548e-03  4.719e-10
  9.0  9.0  2.3520706e-01  1.491e-03  1.390e-09
  9.0  9.0  2.3572329e-01  3.429e-06  3.826e-10
  9.0  9.0  2.3621538e-01  1.751e-04  4.206e-10
  9.0  9.0  2.3641312e-01  2.782e-04  9.367e-10
  9.0  9.0  2.3663638e-01  5.644e-04  6.392e-10
  9.0  9.0  2.3707333e-01  1.221e-03  6.763e-10
  9.0  9.0  2.3727564e-01  4.566e-09  1.204e-09
  9.0  9.0  2.3760734e-01  6.280e-04  1.138e-09
  9.0  9.0  2.3788801e-01  3.445e-04  4.516e-10
  9.0  9.0  2.3807527e-01  1.473e-06  5.938e-10
  9.0  9.0  2.3831083e-01  3.818e-05  6.010e-10
  9.0  9.0  2.3875872e-01  7.998e-05  3.296e-10
  9.0  9.0  2.3908450e-01  1.154e-03  2.545e-09
  9.0  9.0  2.3920661e-01  5.982e-04  1.473e-09
  9.0  9.0  2.3958159e-01  1.050e-03  4.423e-10
  9.0  9.0  2.3969368e-01  6.639e-05  5.960e-10
  9.0  9.0  2.3995157e-01  9.366e-06  5.693e-10
  9.0  9.0  2.4034250e-01  2.372e-07  9.805e-10
  9.0  9.0  2.4048648e-01  8.152e-04  1.367e-09
  9.0  9.0  2.4102914e-01  3.064e-04  4.260e-10
  9.0  9.0  2.4112254e-01  3.154e-04  6.746e-10
  9.0  9.0  2.4152487e-01  2.293e-04  6.317e-10
  9.0  9.0  2.4156997e-01  6.433e-05  1.137e-09
  9.0  9.0  2.4176863e-01  1.284e-04  5.659e-10
  9.0  9.0  2.4221105e-01  9.169e-05  7.308e-10
  9.0  9.0  2.4247349e-01  7.146e-05  4.403e-10
  9.0  9.0  2.4258330e-01  9.597e-05  4.572e-10
  9.0  9.0  2.4302253e-01  3.610e-04  6.140e-10
  9.0  9.0  2.4331505e-01  7.246e-06  6.843e-10
  9.0  9.0  2.4378070e-01  2.135e-07  1.227e-09
  9.0  9.0  2.4441631e-01  3.495e-05  5.800e-10
  9.0  9.0  2.4466600e-01  4.712e-04  5.362e-10
  9.0  9.0  2.4518679e-01  6.279e-04  7.795e-10
  9.0  9.0  2.4545288e-01  3.438e-05  4.318e-10
  9.0  9.0  2.4593448e-01  2.443e-05  6.456e-10
  9.0  9.0  2.4612129e-01  5.636e-04  2.809e-10
  9.0  9.0  2.4636277e-01  7.246e-05  3.017e-10
  9.0  9.0  2.4659788e-01  4.720e-04  1.089e-09
  9.0  9.0  2.4719567e-01  1.141e-06  7.466e-10
  9.0  9.0  2.4735150e-01  9.792e-05  7.816e-10
  9.0  9.0  2.4814384e-01  5.115e-05  1.343e-09
  9.0  9.0  2.4823953e-01  5.471e-06  1.556e-09
  9.0  9.0  2.4876533e-01  2.870e-07  9.194e-10
  9.0  9.0  2.4922870e-01  7.800e-04  1.047e-09
  9.0  9.0  2.4931892e-01  4.225e-04  9.750e-10
  9.0  9.0  2.4948750e-01  2.124e-04  4.253e-10
  9.0  9.0  2.5024203e-01  1.274e-03  1.320e-09
  9.0  9.0  2.5084939e-01  5.559e-05  3.048e-10
  9.0  9.0  2.5124807e-01  4.501e-04  4.989e-10
  9.0  9.0  2.5153147e-01  5.142e-06  7.288e-10
  9.0  9.0  2.5198984e-01  1.424e-05  6.094e-10
  9.0  9.0  2.5207687e-01  1.316e-04  3.588e-10
  9.0  9.0  2.5273434e-01  1.018e-04  1.094e-09
  9.0  9.0  2.5307607e-01  1.112e-03  2.273e-09
  9.0  9.0  2.5324602e-01  1.635e-04  2.653e-10
  9.0  9.0  2.5405112e-01  3.547e-05  1.059e-09
  9.0  9.0  2.5452635e-01  6.557e-06  6.624e-10
  9.0  9.0  2.5488675e-01  2.491e-05  1.055e-09
  9.0  9.0  2.5501433e-01  1.591e-04  7.845e-10
  9.0  9.0  2.5520934e-01  8.237e-04  1.065e-09
  9.0  9.0  2.5535150e-01  6.592e-07  1.042e-09
  9.0  9.0  2.5583173e-01  1.913e-03  1.839e-09
  9.0  9.0  2.5627279e-01  6.908e-04  1.449e-09
  9.0  9.0  2.5671612e-01  8.977e-06  3.547e-10
  9.0  9.0  2.5729978e-01  9.253e-05  1.318e-09
  9.0  9.0  2.5792309e-01  1.998e-05  5.434e-10
  9.0  9.0  2.5870085e-01  1.687e-05  7.909e-10
  9.0  9.0  2.5915148e-01  1.424e-04  8.347e-10
  9.0  9.0  2.5955790e-01  1.080e-04  4.346e-10
  9.0  9.0  2.5982080e-01  5.431e-07  6.149e-10
  9.0  9.0  2.6015979e-01  8.972e-07  6.327e-10
  9.0  9.0  2.6050197e-01  1.163e-06  5.330e-10
  9.0  9.0  2.6052840e-01  2.794e-06  9.241e-10
  9.0  9.0  2.6094849e-01  4.097e-06  8.205e-10
  9.0  9.0  2.6168115e-01  4.143e-07  2.336e-10
  9.0  9.0  2.6186295e-01  2.498e-05  4.843e-10
  9.0  9.0  2.6212995e-01  2.955e-06  1.553e-09
  9.0  9.0  2.6242975e-01  2.166e-05  6.685e-10
  9.0  9.0  2.6305670e-01  1.356e-04  9.720e-10
  9.0  9.0  2.6340845e-01  5.258e-05  2.568e-10
  9.0  9.0  2.6375747e-01  1.330e-04  8.333e-10
  9.0  9.0  2.6413838e-01  2.040e-06  1.129e-09
  9.0  9.0  2.6433156e-01  1.004e-04  1.168e-09
  9.0  9.0  2.6467374e-01  4.741e-05  6.931e-10
  9.0  9.0  2.6475029e-01  1.509e-06  2.077e-09
  9.0  9.0  2.6530616e-01  1.233e-06  1.062e-09
  9.0  9.0  2.6578230e-01  1.304e-05  1.268e-09
  9.0  9.0  2.6623611e-01  6.157e-06  7.447e-10
  9.0  9.0  2.6688721e-01  2.636e-05  1.181e-09
  9.0  9.0  2.6757795e-01  6.250e-06  5.385e-10
  9.0  9.0  2.6791101e-01  4.317e-04  9.509e-10
  9.0  9.0  2.6842497e-01  7.355e-08  7.401e-10
  9.0  9.0  2.6884051e-01  4.483e-05  7.601e-10
  9.0  9.0  2.6892981e-01  3.693e-05  9.789e-10
  9.0  9.0  2.6913166e-01  2.840e-07  1.134e-09
  9.0  9.0  2.7014817e-01  5.884e-06  1.279e-09
  9.0  9.0  2.7033498e-01  1.832e-04  1.732e-09
  9.0  9.0  2.7090543e-01  6.191e-05  8.295e-10
  9.0  9.0  2.7161485e-01  3.991e-05  1.197e-09
  9.0  9.0  2.7179301e-01  2.389e-05  1.076e-09
  9.0  9.0  2.7186272e-01  1.032e-05  4.127e-10
  9.0  9.0  2.7228828e-01  1.234e-05  1.629e-09
  9.0  9.0  2.7243955e-01  1.200e-04  1.704e-09
  9.0  9.0  2.7306559e-01  2.130e-06  1.986e-10
  9.0  9.0  2.7445162e-01  2.845e-04  1.240e-09
  9.0  9.0  2.7532188e-01  7.196e-04  2.150e-09
  9.0  9.0  2.7569003e-01  1.066e-05  1.996e-09
  9.0  9.0  2.7644638e-01  1.052e-04  1.258e-09
  9.0  9.0  2.7680269e-01  1.243e-04  1.984e-09
  9.0  9.0  2.7794769e-01  1.769e-07  4.557e-10
  9.0  9.0  2.7822700e-01  3.508e-05  1.700e-09
  9.0  9.0  2.7901479e-01  8.549e-06  6.084e-10
  9.0  9.0  2.7955380e-01  5.125e-05  9.545e-10
  9.0  9.0  2.8020535e-01  1.041e-05  2.718e-10
  9.0  9.0  2.8103779e-01  6.266e-05  1.123e-09
  9.0  9.0  2.8194268e-01  1.801e-05  2.043e-09
  9.0  9.0  2.8239285e-01  6.406e-08  1.362e-09
  9.0  9.0  2.8290407e-01  6.176e-05  8.942e-10
  9.0  9.0  2.8351006e-01  1.960e-05  1.298e-09
  9.0  9.0  2.8434068e-01  1.300e-05  1.084e-09
  9.0  9.0  2.8519180e-01  9.837e-05  1.886e-10
  9.0  9.0  2.8621150e-01  1.808e-06  3.711e-10
  9.0  9.0  2.8668901e-01  4.287e-05  1.466e-09
  9.0  9.0  2.8772967e-01  1.345e-04  1.251e-09
  9.0  9.0  2.9047395e-01  9.548e-05  4.152e-09
  9.0  9.0  2.9157749e-01  4.835e-05  1.744e-09
  9.0  9.0  2.9264413e-01  1.999e-04  9.972e-10
  9.0  9.0  2.9492503e-01  1.470e-06  1.044e-09
  9.0  9.0  2.9568365e-01  4.982e-05  8.066e-10
  9.0  9.0  2.9638259e-01  8.820e-05  1.017e-09
  9.0  9.0  2.9690202e-01  1.323e-04  1.391e-09
  9.0  9.0  2.9803062e-01  1.212e-06  1.350e-09
  9.0  9.0  2.9840287e-01  3.951e-06  2.759e-11
  9.0  9.0  3.0030240e-01  2.692e-06  3.860e-09
  9.0  9.0  3.0069379e-01  3.059e-04  1.500e-09
  9.0  9.0  3.0188299e-01  6.866e-06  2.725e-10
  9.0  9.0  3.0228486e-01  3.760e-06  6.442e-10
  9.0  9.0  3.0344126e-01  5.534e-04  0.000e+00
  9.0  9.0  3.0530798e-01  6.223e-06  0.000e+00
  9.0  9.0  3.0761303e-01  2.700e-05  0.000e+00
  9.0  9.0  3.0815387e-01  5.262e-06  0.000e+00
  9.0  9.0  3.0979232e-01  5.692e-04  0.000e+00
  9.0  9.0  3.1123030e-01  7.746e-05  0.000e+00
  9.0  9.0  3.1146313e-01  6.676e-05  0.000e+00
  9.0  9.0  3.1177068e-01  1.440e-05  0.000e+00
  9.0  9.0  3.1318724e-01  2.166e-06  0.000e+00
  9.0  9.0  3.1359184e-01  3.912e-07  0.000e+00
  9.0  9.0  3.1454594e-01  2.350e-05  0.000e+00
  9.0  9.0  3.1522483e-01  6.945e-06  0.000e+00
  9.0  9.0  3.1720137e-01  8.031e-07  0.000e+00
  9.0  9.0  3.1756542e-01  1.288e-08  0.000e+00
  9.0  9.0  3.1779004e-01  1.957e-09  0.000e+00
  9.0  9.0  3.1894188e-01  8.225e-07  0.000e+00
  9.0  9.0  3.1965495e-01  2.845e-06  0.000e+00
  9.0  9.0  3.2019897e-01  4.203e-07  0.000e+00
  9.0  9.0  3.2128156e-01  2.842e-05  0.000e+00
  9.0  9.0  3.2237963e-01  1.123e-07  0.000e+00
  9.0  9.0  3.2275690e-01  5.402e-07  0.000e+00
  9.0  9.0  3.2286397e-01  1.495e-06  0.000e+00
  9.0  9.0  3.2367545e-01  1.719e-06  0.000e+00
  9.0  9.0  3.2456257e-01  1.531e-06  0.000e+00
  9.0  9.0  3.2546108e-01  2.459e-07  0.000e+00
  9.0  9.0  3.2616640e-01  1.215e-08  0.000e+00
  9.0  9.0  3.2804497e-01  9.131e-07  0.000e+00
  9.0  9.0  3.2952077e-01  3.304e-08  0.000e+00
  9.0  9.0  3.3178116e-01  2.557e-06  0.000e+00
  9.0  9.0  3.3246461e-01  6.850e-07  0.000e+00
  9.0  9.0  3.3299861e-01  1.779e-05  0.000e+00
  9.0  9.0  3.3343237e-01  2.669e-06  0.000e+00
  9.0  9.0  3.3466577e-01  2.994e-05  0.000e+00
  9.0  9.0  3.3678629e-01  8.589e-06  0.000e+00
  9.0  9.0  3.3752623e-01  3.293e-06  0.000e+00
  9.0  9.0  3.3923440e-01  5.220e-06  0.000e+00
  9.0  9.0  3.3940344e-01  6.970e-07  0.000e+00
  9.0  9.0  3.4231174e-01  7.213e-07  0.000e+00
  9.0  9.0  3.4385315e-01  1.015e-06  0.000e+00
  9.0  9.0  3.4565837e-01  4.459e-06  0.000e+00
  9.0  9.0  3.4676555e-01  3.472e-05  0.000e+00
  9.0  9.0  3.4722483e-01  1.721e-04  0.000e+00
  9.0  9.0  3.4795248e-01  9.394e-05  0.000e+00
  9.0  9.0  3.4990213e-01  5.663e-05  0.000e+00
  9.0  9.0  3.5192605e-01  6.917e-05  0.000e+00
  9.0  9.0  3.5293710e-01  5.256e-06  0.000e+00
  9.0  9.0  3.5356496e-01  5.633e-07  0.000e+00
  9.0  9.0  3.5489040e-01  1.928e-05  0.000e+00
  9.0  9.0  3.5514646e-01  9.050e-06  0.000e+00
  9.0  9.0  3.5615204e-01  5.227e-06  0.000e+00
  9.0  9.0  3.5702048e-01  2.482e-06  0.000e+00
  9.0  9.0  3.6031562e-01  2.694e-07  0.000e+00
  9.0  9.0  3.6279745e-01  2.787e-06  0.000e+00
  9.0  9.0  3.6292411e-01  1.338e-06  0.000e+00
  9.0  9.0  3.6436801e-01  1.231e-05  0.000e+00
  9.0  9.0  3.6592491e-01  2.990e-06  0.000e+00
  9.0  9.0  3.6767363e-01  2.913e-05  0.000e+00
  9.0  9.0  3.6831379e-01  1.159e-06  0.000e+00
  9.0  9.0  3.7126584e-01  1.774e-05  0.000e+00
  9.0  9.0  3.7314305e-01  5.338e-07  0.000e+00
  9.0  9.0  3.7457601e-01  2.049e-06  0.000e+00
  9.0  9.0  3.7704964e-01  6.632e-07  0.000e+00
  9.0  9.0  3.8075849e-01  6.159e-06  0.000e+00
  9.0  9.0  3.8354286e-01  5.989e-06  0.000e+00
  9.0  9.0  3.8475758e-01  5.060e-08  0.000e+00
  9.0  9.0  3.9090179e-01  1.611e-06  0.000e+00
  9.0  9.0  3.9258353e-01  6.854e-07  0.000e+00
  9.0  9.0  3.9762738e-01  5.444e-08  0.000e+00
  9.0  9.0  3.9973696e-01  5.639e-09  0.000e+00
  9.0  9.0  3.9998528e-01  2.330e-06  0.000e+00
  9.0  9.0  4.0166201e-01  1.470e-06  0.000e+00
  9.0  9.0  4.0283253e-01  1.101e-07  0.000e+00
  9.0  9.0  4.0359025e-01  2.103e-06  0.000e+00
  9.0  9.0  4.0494621e-01  4.766e-08  0.000e+00
  9.0  9.0  4.0597412e-01  2.759e-09  0.000e+00
  9.0  9.0  4.0599052e-01  6.836e-08  0.000e+00
  9.0  9.0  4.1124579e-01  3.009e-09  0.000e+00
  9.0  9.0  4.1193516e-01  2.079e-09  0.000e+00
  9.0  9.0  4.1227370e-01  6.369e-08  0.000e+00
  9.0  9.0  4.1626094e-01  3.471e-09  0.000e+00
  9.0  9.0  4.1884392e-01  3.320e-07  0.000e+00
  9.0  9.0  4.1901114e-01  3.511e-07  0.000e+00
  9.0  9.0  4.2121321e-01  3.938e-07  0.000e+00
  9.0  9.0  4.2213860e-01  7.557e-07  0.000e+00
  9.0  9.0  4.2288812e-01  4.563e-07  0.000e+00
  9.0  9.0  4.2445322e-01  6.587e-08  0.000e+00
  9.0  9.0  4.2589074e-01  1.323e-06  0.000e+00
  9.0  9.0  4.2703711e-01  6.450e-07  0.000e+00
  9.0  9.0  4.3141802e-01  1.662e-05  0.000e+00
  9.0  9.0  4.3499383e-01  7.468e-09  0.000e+00
  9.0  9.0  4.3640355e-01  2.411e-05  0.000e+00
  9.0  9.0  4.3858968e-01  2.486e-05  0.000e+00
  9.0  9.0  4.4100180e-01  1.250e-05  0.000e+00
  9.0  9.0  4.4205067e-01  1.612e-06  0.000e+00
  9.0 10.0  5.2320538e-02  1.821e-04  6.457e-12
  9.0 10.0  6.0400319e-02  1.261e-01  3.763e-11
  9.0 10.0  6.8060052e-02  3.085e-01  7.010e-12
  9.0 10.0  7.3861670e-02  6.738e-02  6.820e-11
  9.0 10.0  7.5683882e-02  1.859e+00  2.339e-11
  9.0 10.0  8.1985237e-02  1.038e-01  2.709e-11
  9.0 10.0  8.3573573e-02  8.256e-02  1.305e-11
  9.0 10.0  8.6261078e-02  2.170e-01  4.153e-11
  9.0 10.0  9.1777970e-02  1.361e-01  3.258e-11
  9.0 10.0  9.6959153e-02  2.398e-01  6.696e-11
  9.0 10.0  9.9737328e-02  5.994e+00  1.532e-09
  9.0 10.0  1.0476888e-01  2.910e+01  1.722e-09
  9.0 10.0  1.0810329e-01  2.939e-03  1.794e-10
  9.0 10.0  1.1048397e-01  7.092e-01  3.057e-09
  9.0 10.0  1.1063889e-01  2.392e-01  1.361e-09
  9.0 10.0  1.1863980e-01  1.299e+01  7.193e-10
  9.0 10.0  1.2308996e-01  6.515e+00  1.047e-09
  9.0 10.0  1.2841722e-01  1.048e+02  5.515e-09
  9.0 10.0  1.3983219e-01  9.574e-01  6.640e-09
  9.0 10.0  1.6711092e-01  2.056e-04  4.072e-11
  9.0 10.0  1.7063342e-01  3.514e-05  3.466e-11
  9.0 10.0  1.7209008e-01  7.127e-05  2.690e-11
  9.0 10.0  1.7579802e-01  6.809e-05  2.477e-11
  9.0 10.0  1.7679540e-01  1.192e-04  3.798e-11
  9.0 10.0  1.7757134e-01  1.604e-03  5.499e-11
  9.0 10.0  1.7873822e-01  1.120e-04  3.236e-11
  9.0 10.0  1.8160825e-01  1.095e-04  2.447e-11
  9.0 10.0  1.8214453e-01  2.329e-04  3.426e-11
  9.0 10.0  1.8297788e-01  5.813e-05  6.035e-11
  9.0 10.0  1.8318565e-01  1.101e-03  2.845e-10
  9.0 10.0  1.8348591e-01  7.135e-05  3.018e-11
  9.0 10.0  1.8484688e-01  2.519e-07  1.775e-10
  9.0 10.0  1.8603609e-01  5.001e-04  2.017e-11
  9.0 10.0  1.8666850e-01  1.882e-05  2.365e-11
  9.0 10.0  1.8718884e-01  1.197e-03  7.149e-11
  9.0 10.0  1.8744490e-01  9.229e-04  3.834e-11
  9.0 10.0  1.8832291e-01  2.493e-04  1.365e-11
  9.0 10.0  1.8886101e-01  2.958e-04  4.954e-11
  9.0 10.0  1.8934808e-01  8.864e-05  1.055e-10
  9.0 10.0  1.8949388e-01  6.089e-06  2.643e-11
  9.0 10.0  1.9068901e-01  2.252e-05  8.439e-11
  9.0 10.0  1.9088311e-01  4.639e-04  7.600e-11
  9.0 10.0  1.9170461e-01  5.440e-06  1.816e-10
  9.0 10.0  1.9243135e-01  5.495e-05  1.239e-10
  9.0 10.0  1.9260813e-01  3.533e-06  1.557e-11
  9.0 10.0  1.9284734e-01  1.206e-04  5.541e-11
  9.0 10.0  1.9383379e-01  4.228e-04  6.217e-11
  9.0 10.0  1.9400374e-01  2.496e-04  6.873e-11
  9.0 10.0  1.9527905e-01  1.767e-04  3.932e-11
  9.0 10.0  1.9593744e-01  2.654e-05  5.990e-11
  9.0 10.0  1.9636346e-01  1.857e-04  3.960e-11
  9.0 10.0  1.9683185e-01  3.656e-04  3.343e-11
  9.0 10.0  1.9709156e-01  6.759e-04  2.461e-11
  9.0 10.0  1.9727791e-01  5.330e-04  8.383e-11
  9.0 10.0  1.9857601e-01  1.435e-03  1.021e-10
  9.0 10.0  1.9864071e-01  5.815e-04  5.512e-11
  9.0 10.0  1.9879927e-01  1.546e-05  2.595e-11
  9.0 10.0  1.9954879e-01  1.491e-04  5.843e-11
  9.0 10.0  2.0006593e-01  4.870e-05  5.398e-11
  9.0 10.0  2.0048739e-01  6.387e-07  6.318e-11
  9.0 10.0  2.0101410e-01  1.863e-03  9.760e-11
  9.0 10.0  2.0146563e-01  3.994e-04  9.446e-11
  9.0 10.0  2.0207254e-01  2.081e-05  6.734e-11
  9.0 10.0  2.0254093e-01  1.014e-04  6.976e-11
  9.0 10.0  2.0281795e-01  2.266e-04  7.070e-11
  9.0 10.0  2.0356565e-01  1.412e-04  3.983e-11
  9.0 10.0  2.0376293e-01  8.436e-04  8.924e-11
  9.0 10.0  2.0425775e-01  3.767e-05  1.685e-10
  9.0 10.0  2.0452657e-01  1.860e-05  1.366e-10
  9.0 10.0  2.0543237e-01  2.091e-04  9.956e-11
  9.0 10.0  2.0570484e-01  4.195e-03  5.982e-10
  9.0 10.0  2.0644342e-01  2.586e-04  3.340e-10
  9.0 10.0  2.0682342e-01  1.119e-04  6.365e-11
  9.0 10.0  2.0707994e-01  1.348e-03  1.310e-10
  9.0 10.0  2.0762533e-01  1.745e-08  4.906e-11
  9.0 10.0  2.0799895e-01  5.055e-04  1.325e-10
  9.0 10.0  2.0916355e-01  1.539e-03  6.361e-11
  9.0 10.0  2.0947748e-01  3.159e-04  1.222e-10
  9.0 10.0  2.0982239e-01  3.364e-04  1.011e-10
  9.0 10.0  2.1051040e-01  1.054e-03  1.678e-10
  9.0 10.0  2.1068126e-01  8.026e-04  1.036e-10
  9.0 10.0  2.1132826e-01  1.669e-04  1.591e-10
  9.0 10.0  2.1204315e-01  2.785e-03  3.718e-10
  9.0 10.0  2.1267784e-01  9.148e-04  2.357e-10
  9.0 10.0  2.1297537e-01  1.610e-03  1.339e-10
  9.0 10.0  2.1323782e-01  5.934e-05  2.239e-10
  9.0 10.0  2.1352259e-01  1.896e-03  2.351e-10
  9.0 10.0  2.1373947e-01  3.626e-04  4.417e-10
  9.0 10.0  2.1425661e-01  7.901e-04  2.209e-10
  9.0 10.0  2.1448944e-01  2.305e-06  8.118e-11
  9.0 10.0  2.1537428e-01  1.085e-03  1.558e-10
  9.0 10.0  2.1552054e-01  1.128e-04  3.444e-10
  9.0 10.0  2.1597389e-01  3.688e-05  4.047e-10
  9.0 10.0  2.1625912e-01  3.138e-04  8.111e-11
  9.0 10.0  2.1660950e-01  2.381e-04  5.636e-10
  9.0 10.0  2.1710477e-01  2.581e-04  2.618e-10
  9.0 10.0  2.1750937e-01  3.654e-04  2.982e-10
  9.0 10.0  2.1829443e-01  2.604e-04  1.180e-09
  9.0 10.0  2.1865711e-01  6.253e-04  3.119e-10
  9.0 10.0  2.1915466e-01  3.473e-04  1.557e-09
  9.0 10.0  2.1940982e-01  5.214e-05  7.941e-10
  9.0 10.0  2.1975109e-01  2.594e-05  2.281e-10
  9.0 10.0  2.2037303e-01  1.474e-03  9.039e-10
  9.0 10.0  2.2071338e-01  9.932e-05  8.532e-10
  9.0 10.0  2.2101638e-01  2.864e-04  4.027e-10
  9.0 10.0  2.2130343e-01  7.385e-06  2.447e-10
  9.0 10.0  2.2191307e-01  6.766e-07  5.234e-10
  9.0 10.0  2.2218098e-01  1.560e-03  3.761e-10
  9.0 10.0  2.2261838e-01  2.585e-05  1.052e-09
  9.0 10.0  2.2330685e-01  1.757e-03  5.791e-10
  9.0 10.0  2.2374744e-01  6.277e-05  7.159e-10
  9.0 10.0  2.2387092e-01  3.007e-06  6.888e-10
  9.0 10.0  2.2452475e-01  5.397e-04  1.071e-09
  9.0 10.0  2.2463137e-01  4.333e-04  4.487e-10
  9.0 10.0  2.2493938e-01  2.046e-05  1.657e-10
  9.0 10.0  2.2539137e-01  4.464e-05  8.498e-10
  9.0 10.0  2.2578048e-01  6.198e-04  3.900e-10
  9.0 10.0  2.2580371e-01  2.246e-04  5.344e-10
  9.0 10.0  2.2661565e-01  7.327e-05  4.028e-10
  9.0 10.0  2.2723121e-01  9.888e-06  1.453e-10
  9.0 10.0  2.2743989e-01  6.835e-04  5.130e-10
  9.0 10.0  2.2769778e-01  7.949e-04  8.279e-10
  9.0 10.0  2.2804725e-01  1.391e-03  9.921e-10
  9.0 10.0  2.2881864e-01  4.480e-06  2.359e-10
  9.0 10.0  2.2897401e-01  4.390e-03  1.013e-09
  9.0 10.0  2.2933806e-01  2.183e-03  7.327e-10
  9.0 10.0  2.2960232e-01  3.731e-04  4.294e-10
  9.0 10.0  2.3046165e-01  8.793e-04  5.895e-10
  9.0 10.0  2.3052954e-01  1.878e-03  8.833e-10
  9.0 10.0  2.3103757e-01  1.379e-02  2.688e-09
  9.0 10.0  2.3154195e-01  1.371e-03  1.097e-09
  9.0 10.0  2.3180121e-01  6.135e-04  5.572e-10
  9.0 10.0  2.3229238e-01  6.788e-04  3.209e-10
  9.0 10.0  2.3245550e-01  1.028e-04  1.729e-10
  9.0 10.0  2.3281271e-01  5.354e-04  6.330e-10
  9.0 10.0  2.3321185e-01  3.300e-03  1.579e-09
  9.0 10.0  2.3369208e-01  5.539e-04  1.171e-09
  9.0 10.0  2.3429215e-01  1.092e-04  1.261e-09
  9.0 10.0  2.3469083e-01  3.410e-05  2.724e-09
  9.0 10.0  2.3481613e-01  4.132e-03  1.080e-09
  9.0 10.0  2.3562852e-01  1.517e-03  9.483e-10
  9.0 10.0  2.3578891e-01  1.893e-03  8.035e-10
  9.0 10.0  2.3605682e-01  3.670e-04  5.955e-10
  9.0 10.0  2.3689290e-01  1.168e-03  1.399e-09
  9.0 10.0  2.3709612e-01  1.798e-04  1.429e-09
  9.0 10.0  2.3742189e-01  3.105e-04  5.691e-10
  9.0 10.0  2.3771760e-01  2.139e-03  7.181e-10
  9.0 10.0  2.3847532e-01  2.838e-03  1.303e-09
  9.0 10.0  2.3886625e-01  1.102e-04  9.661e-10
  9.0 10.0  2.3945037e-01  4.643e-04  5.091e-10
  9.0 10.0  2.3947406e-01  2.084e-05  5.432e-10
  9.0 10.0  2.3997754e-01  3.257e-05  9.317e-10
  9.0 10.0  2.4013610e-01  6.750e-04  4.878e-10
  9.0 10.0  2.4065506e-01  3.775e-03  4.044e-09
  9.0 10.0  2.4077581e-01  1.619e-03  1.486e-09
  9.0 10.0  2.4150846e-01  4.003e-04  1.042e-09
  9.0 10.0  2.4188801e-01  5.755e-05  8.836e-10
  9.0 10.0  2.4206935e-01  2.752e-05  4.937e-10
  9.0 10.0  2.4254457e-01  6.437e-04  1.176e-09
  9.0 10.0  2.4305853e-01  1.397e-05  2.011e-09
  9.0 10.0  2.4395248e-01  1.515e-04  2.502e-09
  9.0 10.0  2.4425547e-01  1.681e-04  9.151e-10
  9.0 10.0  2.4449468e-01  1.790e-03  1.877e-09
  9.0 10.0  2.4519499e-01  2.187e-04  1.389e-09
  9.0 10.0  2.4608803e-01  1.782e-04  1.453e-09
  9.0 10.0  2.4617460e-01  2.520e-04  6.373e-10
  9.0 10.0  2.4680474e-01  6.069e-05  1.215e-09
  9.0 10.0  2.4732143e-01  2.220e-06  3.033e-10
  9.0 10.0  2.4808461e-01  9.996e-05  2.701e-10
  9.0 10.0  2.4841996e-01  1.281e-04  6.524e-10
  9.0 10.0  2.4916674e-01  1.149e-04  9.184e-10
  9.0 10.0  2.4959503e-01  7.663e-07  8.736e-10
  9.0 10.0  2.5032496e-01  6.393e-04  7.218e-10
  9.0 10.0  2.5072637e-01  6.478e-05  1.237e-09
  9.0 10.0  2.5155790e-01  1.738e-05  2.539e-09
  9.0 10.0  2.5187092e-01  3.337e-04  1.870e-09
  9.0 10.0  2.5210694e-01  1.768e-06  2.159e-09
  9.0 10.0  2.5303324e-01  1.288e-05  7.910e-10
  9.0 10.0  2.5329295e-01  2.185e-06  6.397e-10
  9.0 10.0  2.5376407e-01  3.836e-06  4.814e-10
  9.0 10.0  2.5411947e-01  3.314e-04  1.532e-09
  9.0 10.0  2.5517836e-01  3.071e-05  2.427e-10
  9.0 10.0  2.5542531e-01  3.884e-05  1.407e-09
  9.0 10.0  2.5659811e-01  1.925e-03  2.836e-09
  9.0 10.0  2.5732257e-01  4.149e-04  9.489e-10
  9.0 10.0  2.5777911e-01  2.323e-04  1.062e-09
  9.0 10.0  2.5803700e-01  9.885e-05  1.928e-09
  9.0 10.0  2.5863524e-01  2.159e-05  1.469e-09
  9.0 10.0  2.5923076e-01  1.855e-05  2.507e-09
  9.0 10.0  2.5962214e-01  2.007e-07  1.292e-09
  9.0 10.0  2.6033612e-01  4.353e-04  2.459e-09
  9.0 10.0  2.6083777e-01  1.163e-05  1.330e-09
  9.0 10.0  2.6116446e-01  9.550e-04  1.226e-09
  9.0 10.0  2.6121139e-01  3.805e-04  6.019e-10
  9.0 10.0  2.6222608e-01  4.898e-07  1.245e-09
  9.0 10.0  2.6269903e-01  2.249e-04  1.762e-09
  9.0 10.0  2.6309771e-01  3.585e-05  1.919e-10
  9.0 10.0  2.6342212e-01  6.448e-05  3.552e-10
  9.0 10.0  2.6380759e-01  1.239e-04  6.781e-10
  9.0 10.0  2.6454207e-01  1.905e-06  3.306e-09
  9.0 10.0  2.6542463e-01  1.358e-04  2.254e-09
  9.0 10.0  2.6585019e-01  2.967e-06  7.556e-10
  9.0 10.0  2.6698107e-01  1.106e-05  1.766e-11
  9.0 10.0  2.6712550e-01  6.404e-05  1.256e-09
  9.0 10.0  2.6959184e-01  2.762e-05  9.315e-10
  9.0 10.0  2.6979004e-01  6.043e-06  9.407e-10
  9.0 10.0  2.7090862e-01  4.123e-05  1.528e-09
  9.0 10.0  2.7117745e-01  2.695e-05  8.528e-10
  9.0 10.0  2.7314897e-01  2.390e-04  4.429e-09
  9.0 10.0  2.7369299e-01  1.739e-05  5.556e-10
  9.0 10.0  2.7494325e-01  1.226e-04  3.394e-09
  9.0 10.0  2.7568912e-01  3.463e-04  1.948e-09
  9.0 10.0  2.7634387e-01  8.238e-05  3.579e-09
  9.0 10.0  2.7656257e-01  1.327e-09  8.928e-10
  9.0 10.0  2.7734854e-01  1.029e-04  2.684e-10
  9.0 10.0  2.7770302e-01  3.482e-04  1.610e-09
  9.0 10.0  2.7979802e-01  5.896e-04  9.749e-10
  9.0 10.0  2.8230855e-01  7.423e-06  3.576e-09
  9.0 10.0  2.8321253e-01  6.424e-05  1.454e-09
  9.0 10.0  2.8669311e-01  3.487e-04  5.247e-09
  9.0 10.0  2.9001103e-01  4.542e-07  8.230e-10
  9.0 10.0  2.9144445e-01  1.063e-05  1.182e-09
  9.0 10.0  2.9393721e-01  1.466e-04  3.908e-10
  9.0 10.0  2.9669926e-01  1.425e-04  5.905e-09
  9.0 10.0  2.9752168e-01  3.558e-05  5.733e-10
  9.0 10.0  2.9858011e-01  8.513e-04  3.778e-09
  9.0 10.0  3.0339250e-01  2.814e-04  0.000e+00
  9.0 10.0  3.0399121e-01  3.553e-05  0.000e+00
  9.0 10.0  3.0556451e-01  4.018e-06  0.000e+00
  9.0 10.0  3.0814248e-01  2.763e-04  0.000e+00
  9.0 10.0  3.1027119e-01  2.357e-06  0.000e+00
  9.0 10.0  3.1162989e-01  1.597e-03  0.000e+00
  9.0 10.0  3.1287058e-01  1.647e-05  0.000e+00
  9.0 10.0  3.1296763e-01  1.627e-05  0.000e+00
  9.0 10.0  3.1524306e-01  4.134e-06  0.000e+00
  9.0 10.0  3.1594701e-01  9.150e-07  0.000e+00
  9.0 10.0  3.1663410e-01  5.040e-06  0.000e+00
  9.0 10.0  3.1803107e-01  4.061e-06  0.000e+00
  9.0 10.0  3.1897378e-01  6.292e-08  0.000e+00
  9.0 10.0  3.1956473e-01  8.084e-06  0.000e+00
  9.0 10.0  3.2348955e-01  1.177e-07  0.000e+00
  9.0 10.0  3.2528657e-01  6.198e-07  0.000e+00
  9.0 10.0  3.2562511e-01  7.150e-07  0.000e+00
  9.0 10.0  3.2853113e-01  5.091e-06  0.000e+00
  9.0 10.0  3.3044297e-01  2.562e-10  0.000e+00
  9.0 10.0  3.3099519e-01  1.145e-07  0.000e+00
  9.0 10.0  3.3354856e-01  5.747e-06  0.000e+00
  9.0 10.0  3.3377956e-01  2.041e-08  0.000e+00
  9.0 10.0  3.3561987e-01  1.247e-05  0.000e+00
  9.0 10.0  3.3839057e-01  2.107e-07  0.000e+00
  9.0 10.0  3.3906263e-01  9.893e-07  0.000e+00
  9.0 10.0  3.4161098e-01  4.746e-08  0.000e+00
  9.0 10.0  3.4561280e-01  2.286e-07  0.000e+00
  9.0 10.0  3.4826003e-01  7.461e-07  0.000e+00
  9.0 10.0  3.5051313e-01  4.411e-07  0.000e+00
  9.0 10.0  3.5172512e-01  3.007e-06  0.000e+00
  9.0 10.0  3.5331209e-01  3.993e-05  0.000e+00
  9.0 10.0  3.5630240e-01  9.393e-06  0.000e+00
  9.0 10.0  3.5774995e-01  1.356e-05  0.000e+00
  9.0 10.0  3.6265484e-01  3.359e-07  0.000e+00
  9.0 10.0  3.6320342e-01  9.907e-07  0.000e+00
  9.0 10.0  3.6687172e-01  1.086e-06  0.000e+00
  9.0 10.0  3.6765176e-01  8.386e-07  0.000e+00
  9.0 10.0  3.6886374e-01  2.197e-05  0.000e+00
  9.0 10.0  3.7700590e-01  3.324e-05  0.000e+00
  9.0 10.0  3.8577091e-01  6.858e-08  0.000e+00
  9.0 10.0  3.9276350e-01  2.469e-06  0.000e+00
  9.0 10.0  3.9708472e-01  1.687e-06  0.000e+00
  9.0 10.0  3.9882388e-01  1.008e-06  0.000e+00
  9.0 10.0  4.0122005e-01  3.778e-06  0.000e+00
  9.0 10.0  4.0266668e-01  1.020e-07  0.000e+00
  9.0 10.0  4.1003016e-01  7.807e-08  0.000e+00
  9.0 10.0  4.1218622e-01  1.187e-06  0.000e+00
  9.0 10.0  4.1466167e-01  7.927e-06  0.000e+00
  9.0 10.0  4.1506217e-01  1.059e-05  0.000e+00
  9.0 10.0  4.1641267e-01  1.073e-06  0.000e+00
  9.0 10.0  4.1811673e-01  5.618e-05  0.000e+00
  9.0 10.0  4.2984518e-01  3.038e-06  0.000e+00
  9.0 10.0  4.3279631e-01  1.840e-05  0.000e+00
  9.0 10.0  4.3653979e-01  7.428e-05  0.000e+00
  9.0 10.0  4.4167158e-01  3.477e-05  0.000e+00
  9.0 10.0  4.4818166e-01  2.487e-05  0.000e+00
  9.0 10.0  4.5013724e-01  1.108e-04  0.000e+00
