  9.0  8.0 -7.2775259e-02  2.546e+00  0.000e+00
  9.0  9.0  7.0265406e-03  4.275e+01  3.796e-13
  9.0  8.0  7.4769792e-03  2.534e+01  3.428e-13
  9.0 10.0  1.1346623e-02  4.342e+01  1.461e-12
  9.0  8.0  1.3353958e-02  2.838e-01  6.584e-14
  9.0  8.0  1.3919353e-02  5.071e-04  3.093e-16
  9.0  9.0  1.4892220e-02  4.631e+00  6.419e-13
  9.0 10.0  1.7430732e-02  1.297e+01  3.268e-12
  9.0  8.0  1.9233398e-02  1.443e-02  3.894e-14
  9.0  9.0  1.9303565e-02  2.416e-01  1.045e-13
  9.0  8.0  2.1950108e-02  3.819e-02  2.458e-14
  9.0  8.0  2.5526598e-02  2.009e-02  1.285e-13
  9.0  9.0  2.7560998e-02  1.736e-01  1.990e-13
  9.0 10.0  2.9683517e-02  2.434e-01  1.685e-13
  9.0  9.0  3.2070851e-02  1.897e-02  4.135e-13
  9.0  8.0  3.3298143e-02  2.213e-04  1.751e-13
  9.0  8.0  3.3792459e-02  1.097e-01  6.021e-13
  9.0  8.0  3.4455633e-02  2.481e-02  9.612e-14
  9.0  9.0  3.5575396e-02  2.635e-02  5.351e-14
  9.0 10.0  3.5583324e-02  4.457e-02  1.765e-12
  9.0  9.0  3.5856248e-02  1.853e-02  7.659e-14
  9.0  8.0  3.6205718e-02  1.735e-03  4.955e-15
  9.0  9.0  4.4021187e-02  8.106e-06  8.896e-17
  9.0  8.0  4.5442306e-02  3.130e-03  1.225e-14
  9.0  8.0  4.8346509e-02  2.250e-03  4.570e-14
  9.0  9.0  4.8695979e-02  1.084e-06  3.551e-14
  9.0  8.0  4.9527964e-02  2.284e-03  2.780e-14
  9.0  9.0  5.0771386e-02  1.832e-03  5.952e-14
  9.0  8.0  5.1185556e-02  8.931e-02  3.688e-13
  9.0  8.0  6.1970840e-02  7.469e-04  5.646e-15
  9.0  8.0  6.2564985e-02  1.588e-03  1.535e-14
  9.0  8.0  6.3936439e-02  8.707e-06  7.362e-17
  9.0 10.0  6.7058435e-02  1.558e-05  6.563e-16
  9.0  8.0  7.0631507e-02  8.728e-02  1.212e-12
  9.0  8.0  7.4292061e-02  9.624e-07  3.803e-17
  9.0  9.0  8.6140335e-02  1.577e-07  2.985e-17
  9.0  8.0  9.9316779e-02  1.439e-01  6.372e-12
  9.0  9.0  9.9550974e-02  1.244e-02  1.882e-12
  9.0 10.0  9.9859893e-02  7.431e-04  2.440e-12
  9.0  8.0  1.0009318e-01  8.110e-02  3.426e-12
  9.0  9.0  1.0043171e-01  1.273e-01  5.520e-12
  9.0  9.0  1.0127281e-01  4.819e-03  7.971e-13
  9.0  8.0  1.0192300e-01  4.877e-04  1.378e-12
  9.0  8.0  1.0306345e-01  2.331e-02  2.064e-12
  9.0 10.0  1.0308532e-01  1.740e-04  7.995e-13
  9.0  9.0  1.0442624e-01  9.422e-06  6.890e-13
  9.0  8.0  1.0615355e-01  5.300e-03  6.275e-13
  9.0  8.0  1.0900945e-01  1.758e-08  8.639e-17
  9.0  8.0  1.0919945e-01  5.590e-04  4.074e-13
  9.0 10.0  1.1432122e-01  6.725e-05  6.794e-14
  9.0  8.0  1.1515822e-01  6.041e-05  1.067e-12
  9.0  9.0  1.1547990e-01  8.710e-05  7.599e-14
  9.0  8.0  1.1628819e-01  1.727e-04  1.297e-13
  9.0  8.0  1.1786969e-01  8.847e-06  1.938e-14
  9.0  9.0  1.1905479e-01  6.643e-05  3.412e-13
  9.0  8.0  1.1952910e-01  5.766e-04  8.780e-14
  9.0 10.0  1.2156760e-01  4.735e-05  1.252e-12
  9.0  8.0  1.2169199e-01  6.106e-03  1.162e-12
  9.0  9.0  1.2198679e-01  5.039e-05  3.865e-13
  9.0  8.0  1.2232806e-01  7.386e-04  2.526e-13
  9.0  8.0  1.2432783e-01  5.384e-03  7.253e-13
  9.0  8.0  1.2458162e-01  7.630e-05  3.352e-13
  9.0  9.0  1.2652398e-01  3.218e-03  6.551e-13
  9.0  8.0  1.2770270e-01  1.995e-05  8.128e-13
  9.0  8.0  1.2815651e-01  2.110e-03  9.829e-13
  9.0 10.0  1.2838114e-01  1.417e-05  1.633e-12
  9.0  9.0  1.2989885e-01  3.121e-06  2.510e-12
  9.0 10.0  1.3242807e-01  2.155e-06  1.798e-12
  9.0  9.0  1.3286228e-01  9.909e-08  6.405e-13
  9.0  8.0  1.3312108e-01  1.370e-05  6.939e-14
  9.0  8.0  1.3373209e-01  3.795e-05  9.606e-13
  9.0  9.0  1.3376899e-01  6.698e-06  2.595e-12
  9.0  8.0  1.3415902e-01  9.031e-07  3.473e-13
  9.0  8.0  1.3586673e-01  7.582e-05  7.068e-13
  9.0 10.0  1.3608908e-01  1.056e-03  1.653e-12
  9.0  9.0  1.3665269e-01  6.374e-07  2.129e-13
  9.0  9.0  1.3754163e-01  7.651e-05  3.012e-13
  9.0  8.0  1.3784508e-01  3.861e-05  2.292e-13
  9.0  9.0  1.3825470e-01  8.256e-06  1.376e-12
  9.0 10.0  1.3898918e-01  1.368e-03  1.550e-11
  9.0  8.0  1.3910810e-01  7.864e-05  1.007e-12
  9.0  8.0  1.3961932e-01  2.069e-05  2.441e-13
  9.0  9.0  1.3995056e-01  1.514e-04  1.566e-12
  9.0  8.0  1.4072377e-01  1.542e-06  1.363e-12
  9.0 10.0  1.4377833e-01  1.685e-04  1.739e-12
  9.0  9.0  1.4385898e-01  4.879e-04  4.149e-12
  9.0  8.0  1.4634127e-01  5.029e-05  9.061e-13
  9.0 10.0  1.4693086e-01  1.100e-05  1.774e-13
  9.0  9.0  1.4704659e-01  2.530e-03  2.064e-12
  9.0  9.0  1.4727759e-01  1.261e-03  1.081e-12
  9.0  8.0  1.4762205e-01  1.180e-08  1.858e-14
  9.0 10.0  1.4844903e-01  8.880e-05  9.797e-13
  9.0  8.0  1.4955895e-01  9.688e-06  1.551e-13
  9.0  9.0  1.4974393e-01  2.002e-04  9.371e-13
  9.0  8.0  1.5015719e-01  3.136e-05  6.577e-13
  9.0  9.0  1.5060827e-01  3.244e-05  9.964e-13
  9.0  8.0  1.5105206e-01  1.271e-05  4.749e-13
  9.0 10.0  1.5134366e-01  2.268e-03  8.585e-13
  9.0 10.0  1.5176831e-01  6.985e-05  1.064e-12
  9.0  9.0  1.5186627e-01  1.618e-09  5.784e-13
  9.0  8.0  1.5221711e-01  3.137e-10  7.827e-14
  9.0  8.0  1.5327281e-01  1.269e-05  4.844e-13
  9.0  9.0  1.5328238e-01  3.971e-05  1.623e-12
  9.0  8.0  1.5384098e-01  2.030e-06  4.697e-13
  9.0  8.0  1.5424741e-01  2.182e-05  1.728e-12
  9.0 10.0  1.5487071e-01  2.690e-04  2.725e-12
  9.0 10.0  1.5492038e-01  1.656e-06  2.945e-12
  9.0  9.0  1.5553685e-01  3.515e-04  1.738e-12
  9.0  9.0  1.5643217e-01  7.805e-05  4.608e-13
  9.0  8.0  1.5677253e-01  3.004e-05  9.780e-13
  9.0 10.0  1.5743684e-01  1.101e-04  1.115e-12
  9.0 10.0  1.5785693e-01  5.931e-06  1.042e-12
  9.0  9.0  1.5797266e-01  3.896e-06  2.882e-12
  9.0  8.0  1.5797995e-01  1.790e-05  3.708e-13
  9.0  9.0  1.5865064e-01  7.628e-05  7.888e-13
  9.0  8.0  1.5912359e-01  8.220e-06  7.748e-14
  9.0 10.0  1.5943160e-01  6.908e-08  6.538e-14
  9.0  8.0  1.5967399e-01  3.581e-05  2.719e-12
  9.0  9.0  1.5993416e-01  2.046e-05  5.743e-12
  9.0  8.0  1.6049960e-01  2.587e-04  8.541e-13
  9.0 10.0  1.6100900e-01  8.806e-05  4.211e-12
  9.0  9.0  1.6112427e-01  7.954e-06  4.735e-13
  9.0  8.0  1.6115252e-01  4.850e-07  1.002e-12
  9.0 10.0  1.6197038e-01  5.572e-07  1.078e-13
  9.0  8.0  1.6254403e-01  8.034e-05  1.230e-12
  9.0 10.0  1.6353184e-01  2.610e-06  6.663e-13
  9.0  8.0  1.6372320e-01  2.031e-06  2.465e-12
  9.0  9.0  1.6407996e-01  2.267e-05  2.950e-12
  9.0  8.0  1.6433330e-01  2.081e-05  6.167e-13
  9.0  9.0  1.6471557e-01  1.295e-04  1.840e-12
  9.0 10.0  1.6476615e-01  1.586e-04  2.498e-12
  9.0  8.0  1.6477070e-01  2.671e-05  3.742e-13
  9.0  8.0  1.6540130e-01  6.270e-05  2.335e-12
  9.0  9.0  1.6575897e-01  5.113e-05  1.081e-12
  9.0  9.0  1.6611983e-01  4.893e-05  2.159e-12
  9.0  8.0  1.6635813e-01  1.032e-04  1.014e-12
  9.0  8.0  1.6662331e-01  1.508e-07  1.046e-11
  9.0 10.0  1.6678232e-01  6.753e-04  1.358e-12
  9.0 10.0  1.6692767e-01  1.366e-06  8.173e-13
  9.0  9.0  1.6698872e-01  4.125e-05  1.135e-12
  9.0  9.0  1.6719558e-01  2.141e-05  1.347e-11
  9.0  8.0  1.6733136e-01  2.357e-05  2.671e-12
  9.0 10.0  1.6741337e-01  6.212e-05  1.654e-12
  9.0  9.0  1.6742978e-01  5.818e-04  3.272e-12
  9.0  8.0  1.6762798e-01  1.647e-06  3.615e-13
  9.0  9.0  1.6789452e-01  4.954e-06  2.467e-12
  9.0  8.0  1.6906595e-01  1.431e-05  7.057e-13
  9.0 10.0  1.6933751e-01  3.354e-06  1.576e-12
  9.0  8.0  1.6937350e-01  4.094e-05  1.728e-12
  9.0  9.0  1.7013669e-01  7.939e-05  1.801e-12
  9.0  9.0  1.7077366e-01  3.311e-05  1.368e-12
  9.0  8.0  1.7099875e-01  9.315e-05  2.020e-12
  9.0 10.0  1.7134639e-01  1.760e-05  1.553e-12
  9.0 10.0  1.7176831e-01  3.458e-07  2.330e-13
  9.0  8.0  1.7184941e-01  1.445e-05  1.112e-12
  9.0  8.0  1.7192414e-01  1.051e-05  8.767e-12
  9.0  9.0  1.7233785e-01  1.500e-07  3.518e-12
  9.0  8.0  1.7351338e-01  2.899e-07  8.452e-13
  9.0  9.0  1.7440597e-01  1.521e-04  1.513e-12
  9.0  9.0  1.7477275e-01  1.105e-04  1.100e-12
  9.0  8.0  1.7517644e-01  7.275e-08  7.333e-13
  9.0 10.0  1.7570817e-01  1.124e-04  6.179e-13
  9.0  8.0  1.7584440e-01  1.391e-06  3.874e-12
  9.0  9.0  1.7620025e-01  3.795e-06  5.133e-12
  9.0  8.0  1.7638114e-01  1.773e-06  1.406e-12
  9.0  8.0  1.7853901e-01  2.952e-07  1.719e-12
  9.0  8.0  1.7871580e-01  4.994e-06  1.702e-12
  9.0  9.0  1.7904887e-01  7.982e-06  5.697e-12
  9.0  9.0  1.7932042e-01  9.068e-06  1.858e-12
  9.0 10.0  1.7985716e-01  3.557e-05  5.453e-12
  9.0 10.0  1.8007814e-01  5.680e-05  4.049e-12
  9.0  8.0  1.8030687e-01  2.004e-06  8.842e-13
  9.0  9.0  1.8062718e-01  7.903e-06  2.641e-12
  9.0  9.0  1.8074747e-01  3.102e-06  2.175e-12
  9.0  8.0  1.8123135e-01  1.311e-06  8.778e-13
  9.0  8.0  1.8173391e-01  2.337e-07  2.882e-12
  9.0  9.0  1.8175988e-01  3.989e-05  3.167e-12
  9.0  9.0  1.8189839e-01  4.257e-05  1.915e-12
  9.0 10.0  1.8235585e-01  1.507e-05  3.265e-12
  9.0  8.0  1.8268482e-01  1.493e-06  2.373e-12
  9.0  8.0  1.8298371e-01  5.195e-06  2.283e-12
  9.0  9.0  1.8472651e-01  1.062e-10  1.271e-11
  9.0  8.0  1.8527053e-01  9.654e-07  4.786e-12
  9.0  8.0  1.8605468e-01  6.112e-08  2.146e-12
  9.0  8.0  1.8633671e-01  6.889e-07  7.026e-12
  9.0  8.0  1.8726575e-01  1.086e-06  1.900e-13
  9.0  9.0  1.8983005e-01  3.138e-10  7.533e-14
  9.0  8.0  1.9089577e-01  2.432e-08  1.004e-11
  9.0  8.0  1.9155416e-01  2.141e-10  5.678e-12
  9.0 10.0  1.9193735e-01  1.180e-06  8.529e-13
  9.0 10.0  1.9243171e-01  2.791e-07  2.236e-12
  9.0  8.0  1.9265634e-01  1.468e-05  2.312e-12
  9.0 10.0  1.9303087e-01  1.852e-06  9.097e-13
  9.0  9.0  1.9336075e-01  1.011e-05  3.823e-12
  9.0  8.0  1.9392528e-01  8.149e-07  5.539e-12
  9.0  9.0  1.9429844e-01  6.670e-06  1.814e-12
  9.0  9.0  1.9582937e-01  8.573e-06  1.729e-12
  9.0  8.0  1.9628545e-01  1.287e-05  9.872e-13
  9.0  8.0  1.9783962e-01  2.095e-07  7.170e-11
  9.0  8.0  1.9900239e-01  5.554e-09  1.665e-12
  9.0  9.0  2.0136439e-01  8.811e-07  0.000e+00
  9.0  8.0  2.0196127e-01  1.691e-09  0.000e+00
  9.0  9.0  2.0258002e-01  5.254e-08  0.000e+00
  9.0  8.0  2.0282333e-01  1.920e-07  0.000e+00
  9.0 10.0  2.0400934e-01  4.132e-07  0.000e+00
  9.0  8.0  2.0476068e-01  3.013e-08  0.000e+00
  9.0  9.0  2.0489919e-01  3.233e-09  0.000e+00
  9.0  8.0  2.0580180e-01  4.371e-06  0.000e+00
  9.0 10.0  2.0580636e-01  2.144e-07  0.000e+00
  9.0  8.0  2.0815332e-01  4.929e-06  0.000e+00
  9.0  8.0  2.0889327e-01  1.253e-06  0.000e+00
  9.0  9.0  2.0934662e-01  2.379e-07  0.000e+00
  9.0  8.0  2.0956715e-01  3.790e-06  0.000e+00
  9.0  8.0  2.0970840e-01  1.009e-06  0.000e+00
  9.0  9.0  2.1059916e-01  7.937e-09  0.000e+00
  9.0  8.0  2.1068390e-01  2.039e-06  0.000e+00
  9.0  8.0  2.1223032e-01  1.139e-08  0.000e+00
  9.0  9.0  2.1349425e-01  5.364e-06  0.000e+00
  9.0  9.0  2.1443741e-01  3.070e-07  0.000e+00
  9.0  8.0  2.1447522e-01  1.522e-05  0.000e+00
  9.0 10.0  2.1453218e-01  3.612e-07  0.000e+00
  9.0  9.0  2.1467844e-01  3.093e-08  0.000e+00
  9.0 10.0  2.1562798e-01  1.007e-07  0.000e+00
  9.0  8.0  2.1615788e-01  8.898e-08  0.000e+00
  9.0 10.0  2.1690967e-01  4.415e-07  0.000e+00
  9.0  8.0  2.1893450e-01  5.090e-06  0.000e+00
  9.0  9.0  2.1967855e-01  3.848e-05  0.000e+00
  9.0  9.0  2.1992915e-01  4.744e-07  0.000e+00
  9.0  8.0  2.2090466e-01  8.398e-05  0.000e+00
  9.0  9.0  2.2183643e-01  2.155e-08  0.000e+00
  9.0 10.0  2.2192482e-01  3.021e-07  0.000e+00
  9.0  8.0  2.2231256e-01  5.095e-06  0.000e+00
  9.0  8.0  2.2266522e-01  6.390e-06  0.000e+00
  9.0  8.0  2.2302198e-01  3.572e-05  0.000e+00
  9.0  9.0  2.2575122e-01  2.132e-07  0.000e+00
  9.0  8.0  2.2653127e-01  2.710e-07  0.000e+00
  9.0  9.0  2.2690671e-01  4.476e-07  0.000e+00
  9.0  8.0  2.2693997e-01  6.144e-08  0.000e+00
  9.0  8.0  2.2765987e-01  9.516e-06  0.000e+00
  9.0 10.0  2.2787128e-01  9.111e-07  0.000e+00
  9.0  9.0  2.2799339e-01  1.574e-05  0.000e+00
  9.0  9.0  2.3030482e-01  6.975e-07  0.000e+00
  9.0  8.0  2.3148172e-01  3.037e-06  0.000e+00
  9.0  8.0  2.3232737e-01  7.692e-06  0.000e+00
  9.0 10.0  2.3295888e-01  2.195e-06  0.000e+00
  9.0 10.0  2.3378084e-01  1.161e-04  0.000e+00
  9.0  9.0  2.3392619e-01  4.169e-06  0.000e+00
  9.0  8.0  2.3554505e-01  2.963e-07  0.000e+00
  9.0  8.0  2.3703588e-01  5.861e-05  0.000e+00
  9.0  9.0  2.3713885e-01  9.621e-05  0.000e+00
  9.0  8.0  2.3823101e-01  1.299e-05  0.000e+00
  9.0  9.0  2.3856772e-01  9.328e-05  0.000e+00
  9.0  8.0  2.3895136e-01  7.258e-05  0.000e+00
  9.0  8.0  2.3985670e-01  7.947e-07  0.000e+00
  9.0  8.0  2.4025857e-01  2.683e-06  0.000e+00
  9.0 10.0  2.4112929e-01  1.627e-04  0.000e+00
  9.0  9.0  2.4127418e-01  7.652e-07  0.000e+00
  9.0  9.0  2.4181911e-01  1.059e-03  0.000e+00
  9.0  8.0  2.4186513e-01  4.745e-07  0.000e+00
  9.0 10.0  2.4263242e-01  6.034e-08  0.000e+00
  9.0  9.0  2.4301971e-01  2.184e-06  0.000e+00
  9.0  8.0  2.4335870e-01  3.105e-05  0.000e+00
  9.0  9.0  2.4336690e-01  6.339e-05  0.000e+00
  9.0  8.0  2.4391457e-01  2.072e-04  0.000e+00
  9.0  8.0  2.4473334e-01  1.716e-04  0.000e+00
  9.0  8.0  2.4705889e-01  1.137e-05  0.000e+00
  9.0 10.0  2.4725026e-01  5.770e-06  0.000e+00
  9.0  9.0  2.4732361e-01  7.446e-05  0.000e+00
  9.0  8.0  2.4859711e-01  1.458e-06  0.000e+00
  9.0 10.0  2.4882310e-01  3.994e-05  0.000e+00
  9.0  8.0  2.4982595e-01  1.296e-07  0.000e+00
  9.0 10.0  2.4996856e-01  1.888e-06  0.000e+00
  9.0  9.0  2.5071079e-01  1.249e-05  0.000e+00
  9.0  9.0  2.5137464e-01  3.124e-07  0.000e+00
  9.0  8.0  2.5149220e-01  1.379e-07  0.000e+00
  9.0  9.0  2.5158105e-01  9.931e-07  0.000e+00
  9.0  8.0  2.5172913e-01  9.708e-06  0.000e+00
  9.0  8.0  2.5194464e-01  9.762e-06  0.000e+00
  9.0 10.0  2.5216881e-01  7.189e-07  0.000e+00
  9.0  8.0  2.5249094e-01  1.516e-05  0.000e+00
  9.0 10.0  2.5262080e-01  1.022e-07  0.000e+00
  9.0  8.0  2.5285955e-01  7.577e-08  0.000e+00
  9.0  8.0  2.5324183e-01  3.846e-05  0.000e+00
  9.0  8.0  2.5382595e-01  1.768e-10  0.000e+00
  9.0  9.0  2.5429890e-01  5.556e-05  0.000e+00
  9.0  9.0  2.5465247e-01  8.496e-09  0.000e+00
  9.0  8.0  2.5517417e-01  3.245e-06  0.000e+00
  9.0  8.0  2.5541975e-01  1.638e-06  0.000e+00
  9.0  9.0  2.5550678e-01  6.132e-07  0.000e+00
  9.0 10.0  2.5552774e-01  2.090e-06  0.000e+00
  9.0  8.0  2.5627042e-01  9.592e-07  0.000e+00
  9.0 10.0  2.5644857e-01  9.151e-06  0.000e+00
  9.0  9.0  2.5668140e-01  4.417e-07  0.000e+00
  9.0  8.0  2.5715207e-01  4.923e-07  0.000e+00
  9.0  9.0  2.5723955e-01  2.946e-05  0.000e+00
  9.0 10.0  2.5808247e-01  2.816e-07  0.000e+00
  9.0  8.0  2.5990044e-01  2.364e-07  0.000e+00
  9.0  8.0  2.6061214e-01  3.785e-06  0.000e+00
  9.0  9.0  2.6095341e-01  2.247e-06  0.000e+00
  9.0  9.0  2.6204329e-01  7.444e-09  0.000e+00
  9.0  8.0  2.6246702e-01  3.044e-06  0.000e+00
  9.0  8.0  2.6252899e-01  4.962e-06  0.000e+00
  9.0  8.0  2.6393462e-01  1.731e-06  0.000e+00
  9.0  9.0  2.6412644e-01  3.291e-08  0.000e+00
  9.0  9.0  2.6481718e-01  2.677e-06  0.000e+00
  9.0 10.0  2.6576079e-01  3.425e-08  0.000e+00
  9.0  8.0  2.6829912e-01  1.841e-06  0.000e+00
  9.0 10.0  2.6878483e-01  1.061e-06  0.000e+00
  9.0  8.0  2.7032988e-01  1.789e-09  0.000e+00
  9.0  8.0  2.7359358e-01  1.998e-07  0.000e+00
  9.0  9.0  2.7359449e-01  1.069e-06  0.000e+00
  9.0  9.0  2.7381911e-01  6.565e-07  0.000e+00
  9.0 10.0  2.7415537e-01  9.054e-07  0.000e+00
  9.0  8.0  2.7423921e-01  5.012e-11  0.000e+00
  9.0  9.0  2.7426290e-01  1.579e-07  0.000e+00
  9.0 10.0  2.7516915e-01  2.731e-06  0.000e+00
  9.0 10.0  2.7522429e-01  7.838e-06  0.000e+00
  9.0  9.0  2.7596742e-01  2.817e-07  0.000e+00
  9.0  8.0  2.7625356e-01  7.483e-06  0.000e+00
  9.0  9.0  2.7811938e-01  2.995e-06  0.000e+00
  9.0  8.0  2.7908395e-01  1.072e-06  0.000e+00
  9.0  9.0  2.7917963e-01  1.961e-05  0.000e+00
  9.0  8.0  2.7965714e-01  4.591e-07  0.000e+00
  9.0  8.0  2.8007905e-01  4.764e-07  0.000e+00
  9.0 10.0  2.8038478e-01  7.843e-08  0.000e+00
  9.0  8.0  2.8116984e-01  3.022e-08  0.000e+00
  9.0  9.0  2.8126142e-01  4.071e-05  0.000e+00
  9.0  8.0  2.8164233e-01  1.141e-06  0.000e+00
  9.0  9.0  2.8174166e-01  1.557e-05  0.000e+00
  9.0  9.0  2.8199089e-01  3.417e-05  0.000e+00
  9.0  8.0  2.8229753e-01  1.518e-05  0.000e+00
  9.0 10.0  2.8283700e-01  6.013e-08  0.000e+00
  9.0  8.0  2.8341474e-01  1.162e-05  0.000e+00
  9.0  8.0  2.8383073e-01  7.132e-07  0.000e+00
  9.0  9.0  2.8431279e-01  8.359e-06  0.000e+00
  9.0  8.0  2.8431780e-01  1.917e-06  0.000e+00
  9.0 10.0  2.8499761e-01  2.021e-07  0.000e+00
  9.0  8.0  2.8673220e-01  6.282e-09  0.000e+00
  9.0  9.0  2.8721472e-01  2.256e-06  0.000e+00
  9.0  9.0  2.8756282e-01  6.141e-06  0.000e+00
  9.0 10.0  2.8845814e-01  1.286e-07  0.000e+00
  9.0  8.0  2.8936758e-01  3.216e-07  0.000e+00
  9.0  8.0  2.8975988e-01  4.993e-07  0.000e+00
  9.0  8.0  2.9030345e-01  1.471e-07  0.000e+00
  9.0  8.0  2.9380453e-01  1.589e-07  0.000e+00
  9.0  8.0  2.9399863e-01  9.976e-09  0.000e+00
  9.0  9.0  2.9530858e-01  4.693e-07  0.000e+00
  9.0  8.0  2.9642670e-01  1.235e-04  0.000e+00
  9.0  8.0  2.9798086e-01  3.003e-09  0.000e+00
  9.0  8.0  2.9819592e-01  2.097e-07  0.000e+00
  9.0  9.0  2.9947306e-01  5.171e-07  0.000e+00
  9.0  8.0  3.0147101e-01  4.296e-09  0.000e+00
  9.0  8.0  3.1008703e-01  5.189e-07  0.000e+00
  9.0  8.0  3.1181023e-01  4.013e-08  0.000e+00
  9.0  9.0  3.1267866e-01  4.186e-07  0.000e+00
  9.0  8.0  3.1364688e-01  5.111e-09  0.000e+00
  9.0  8.0  3.2419342e-01  4.232e-09  0.000e+00
  9.0  9.0  3.2493883e-01  1.828e-08  0.000e+00
  9.0  8.0  3.2551384e-01  5.314e-08  0.000e+00
  9.0  8.0  3.2809363e-01  1.436e-07  0.000e+00
  9.0  8.0  3.3256339e-01  3.607e-07  0.000e+00
  9.0  9.0  3.4678916e-01  5.725e-10  0.000e+00
  9.0  8.0  3.4716688e-01  2.332e-08  0.000e+00
  9.0  8.0  3.4909511e-01  4.361e-09  0.000e+00
  9.0  9.0  3.5175236e-01  3.163e-08  0.000e+00
  9.0 10.0  3.5196059e-01  1.149e-11  0.000e+00
  9.0  8.0  3.5494817e-01  1.756e-07  0.000e+00
  9.0  8.0  3.5583392e-01  2.293e-09  0.000e+00
  9.0 10.0  3.5831029e-01  1.184e-09  0.000e+00
  9.0  8.0  3.5985306e-01  4.047e-09  0.000e+00
  9.0  9.0  3.6135027e-01  7.713e-11  0.000e+00
  9.0  8.0  3.6307803e-01  3.274e-12  0.000e+00
  9.0  9.0  3.6498257e-01  2.184e-06  0.000e+00
  9.0 10.0  3.6621916e-01  2.860e-10  0.000e+00
  9.0  9.0  3.6702654e-01  6.761e-08  0.000e+00
  9.0  8.0  3.7059004e-01  1.578e-07  0.000e+00
  9.0  8.0  3.7376307e-01  9.549e-09  0.000e+00
  9.0  9.0  3.7859415e-01  4.778e-05  0.000e+00
  9.0  8.0  3.8025584e-01  8.369e-06  0.000e+00
  9.0  8.0  3.9171318e-01  2.726e-07  0.000e+00
  9.0  8.0  3.9192824e-01  8.902e-06  0.000e+00
  9.0  8.0  3.9429844e-01  1.516e-06  0.000e+00
  9.0  8.0  3.9592550e-01  2.675e-05  0.000e+00
  9.0  8.0  3.9793712e-01  5.858e-09  0.000e+00
  9.0  8.0  3.9904568e-01  1.458e-07  0.000e+00
  9.0  9.0  4.0007404e-01  3.815e-06  0.000e+00
  9.0  9.0  4.0858617e-01  8.556e-09  0.000e+00
  9.0  8.0  4.1046156e-01  2.251e-07  0.000e+00
  9.0  8.0  4.1178790e-01  1.628e-07  0.000e+00
  9.0  8.0  4.1397767e-01  6.261e-06  0.000e+00
  9.0  8.0  4.1540882e-01  1.683e-08  0.000e+00
  9.0  8.0  4.1690010e-01  8.634e-12  0.000e+00
  9.0  8.0  4.1826700e-01  5.155e-09  0.000e+00
  9.0  9.0  4.1935915e-01  2.249e-09  0.000e+00
  9.0  9.0  4.2701743e-01  1.101e-09  0.000e+00
  9.0 10.0  4.2925914e-01  4.310e-09  0.000e+00
  9.0  8.0  4.3206721e-01  7.982e-10  0.000e+00
  9.0  8.0  4.3415446e-01  1.329e-08  0.000e+00
  9.0  9.0  4.3508167e-01  6.587e-09  0.000e+00
  9.0  8.0  4.3919057e-01  4.104e-09  0.000e+00
  9.0  8.0  4.8675544e-01  4.939e-12  0.000e+00
  9.0  8.0  4.9321722e-01  5.934e-10  0.000e+00
  9.0  9.0  4.9639162e-01  1.260e-09  0.000e+00
  9.0  8.0  5.0411550e-01  3.801e-10  0.000e+00
  9.0  9.0  6.6468664e-02  5.062e+01  4.928e-10
  9.0  8.0  6.8377628e-02  1.478e+01  4.833e-10
  9.0  8.0  7.5792459e-02  3.372e-02  1.249e-10
  9.0  8.0  8.6338991e-02  4.734e-03  4.243e-10
  9.0  9.0  9.4522018e-02  2.256e+01  5.727e-10
  9.0  8.0  9.4718259e-02  1.300e+01  3.758e-10
  9.0 10.0  9.5378016e-02  2.369e+01  5.212e-10
  9.0 10.0  9.5843399e-02  3.345e+00  6.131e-10
  9.0  9.0  9.5646292e-02  8.198e-01  2.910e-10
  9.0  8.0  9.7357512e-02  1.238e-02  1.051e-10
  9.0  8.0  9.8599157e-02  4.791e-02  2.238e-11
  9.0  9.0  9.8611915e-02  9.153e-02  3.129e-11
  9.0  8.0  9.9198314e-02  5.065e-02  2.401e-11
  9.0  9.0  9.9291263e-02  4.504e-01  1.448e-10
  9.0 10.0  9.9571022e-02  1.346e+00  4.192e-10
  9.0  8.0  1.1437726e-01  2.162e-03  9.086e-11
  9.0  9.0  1.1449391e-01  6.106e-04  2.956e-10
  9.0 10.0  1.1495683e-01  2.605e-03  7.409e-10
  9.0  9.0  1.1530812e-01  1.756e-04  2.898e-11
  9.0  8.0  1.1534412e-01  3.480e-04  5.643e-12
  9.0  8.0  1.1648274e-01  7.424e-07  2.950e-14
  9.0  8.0  1.1734936e-01  3.253e-05  8.583e-14
  9.0  9.0  1.1760314e-01  7.879e-06  4.814e-13
  9.0  8.0  1.2877845e-01  6.136e-05  9.901e-15
  9.0  8.0  1.2915207e-01  3.910e-05  5.756e-15
  9.0  9.0  1.2924456e-01  6.708e-06  1.201e-14
  9.0  8.0  1.3045928e-01  1.005e-07  2.584e-16
  9.0  8.0  1.4010912e-01  3.403e-06  1.605e-15
  9.0  9.0  1.5448935e-01  5.527e-04  4.531e-10
  9.0  8.0  1.5514136e-01  7.694e-05  4.305e-14
  9.0  8.0  1.5533409e-01  1.166e-04  5.004e-10
  9.0  8.0  1.6231211e-01  1.710e-05  1.233e-10
  9.0  8.0  1.7343684e-01  6.120e-05  4.242e-10
  9.0  8.0  1.8059574e-01  1.563e-03  5.229e-13
  9.0  9.0  1.8093564e-01  3.881e-04  4.139e-13
  9.0  8.0  1.8171022e-01  1.014e-06  1.527e-11
  9.0 10.0  1.8265474e-01  2.942e-05  6.090e-10
  9.0  9.0  1.8272263e-01  4.074e-05  5.340e-10
  9.0  8.0  1.8283836e-01  2.129e-04  3.261e-10
  9.0 10.0  1.8329855e-01  1.372e-04  5.783e-10
  9.0  9.0  1.8357421e-01  1.031e-04  3.271e-10
  9.0  8.0  1.8396104e-01  8.564e-05  9.512e-11
  9.0  9.0  1.8408042e-01  1.175e-05  2.852e-11
  9.0 10.0  1.8426449e-01  5.951e-04  4.743e-10
  9.0  8.0  1.8455564e-01  3.327e-05  3.677e-11
  9.0  8.0  1.8491696e-01  1.913e-05  4.055e-13
  9.0  9.0  1.8515480e-01  6.453e-05  3.866e-10
  9.0 10.0  1.8528511e-01  2.033e-06  3.460e-10
  9.0  9.0  1.8538763e-01  5.011e-06  1.467e-10
  9.0  8.0  1.8561408e-01  8.593e-07  3.694e-11
  9.0  8.0  1.8613396e-01  7.638e-07  5.543e-10
  9.0  8.0  1.8869598e-01  1.097e-05  3.790e-13
  9.0  9.0  1.9216471e-01  6.490e-07  1.250e-10
  9.0  8.0  2.0119262e-01  3.406e-07  0.000e+00
  9.0  9.0  2.0138353e-01  1.862e-06  0.000e+00
  9.0  8.0  2.0157489e-01  5.922e-06  0.000e+00
  9.0 10.0  2.0185146e-01  2.433e-05  0.000e+00
  9.0  9.0  2.0194441e-01  1.166e-05  0.000e+00
  9.0  8.0  2.0219592e-01  1.182e-05  0.000e+00
  9.0  9.0  2.0304021e-01  2.748e-07  0.000e+00
  9.0  8.0  2.0315959e-01  6.147e-07  0.000e+00
  9.0  8.0  2.0428819e-01  3.924e-07  0.000e+00
  9.0  9.0  2.0504272e-01  1.397e-05  0.000e+00
  9.0  8.0  2.0507005e-01  6.188e-06  0.000e+00
  9.0  8.0  2.0548878e-01  5.698e-05  0.000e+00
  9.0  9.0  2.0588062e-01  1.432e-05  0.000e+00
  9.0  8.0  2.0628386e-01  7.462e-07  0.000e+00
  9.0 10.0  2.0781752e-01  9.259e-07  0.000e+00
  9.0  8.0  2.0869325e-01  1.115e-06  0.000e+00
  9.0  9.0  2.0885773e-01  2.827e-08  0.000e+00
  9.0  8.0  2.1198975e-01  1.053e-06  0.000e+00
  9.0  8.0  2.1216061e-01  1.577e-04  0.000e+00
  9.0 10.0  2.1263128e-01  1.509e-05  0.000e+00
  9.0  9.0  2.1265406e-01  7.544e-05  0.000e+00
  9.0 10.0  2.1343684e-01  2.500e-05  0.000e+00
  9.0 10.0  2.1380089e-01  9.158e-06  0.000e+00
  9.0  9.0  2.1389976e-01  3.620e-05  0.000e+00
  9.0  8.0  2.1402552e-01  2.913e-05  0.000e+00
  9.0  9.0  2.1455769e-01  1.807e-05  0.000e+00
  9.0 10.0  2.1482059e-01  7.554e-07  0.000e+00
  9.0  8.0  2.1512769e-01  4.731e-06  0.000e+00
  9.0 10.0  2.1538330e-01  6.070e-08  0.000e+00
  9.0  8.0  2.1540335e-01  1.452e-07  0.000e+00
  9.0  9.0  2.1558834e-01  8.158e-06  0.000e+00
  9.0  9.0  2.1568812e-01  2.978e-08  0.000e+00
  9.0  8.0  2.1571318e-01  1.020e-06  0.000e+00
  9.0  8.0  2.1592186e-01  4.958e-08  0.000e+00
  9.0  8.0  2.1707233e-01  1.518e-07  0.000e+00
  9.0  9.0  2.1718077e-01  1.089e-07  0.000e+00
  9.0  8.0  2.1773892e-01  2.186e-07  0.000e+00
  9.0  8.0  2.1794168e-01  9.624e-05  0.000e+00
  9.0  8.0  2.2013145e-01  6.845e-06  0.000e+00
  9.0  8.0  2.2240506e-01  1.970e-09  0.000e+00
  9.0 10.0  2.2684383e-01  7.571e-06  0.000e+00
  9.0  9.0  2.2699647e-01  4.818e-07  0.000e+00
  9.0  8.0  2.2716824e-01  3.321e-08  0.000e+00
  9.0  9.0  2.3263584e-01  6.927e-08  0.000e+00
  9.0 10.0  2.3278802e-01  6.806e-07  0.000e+00
  9.0  8.0  2.3324957e-01  3.929e-10  0.000e+00
  9.0  9.0  2.3334617e-01  3.939e-08  0.000e+00
  9.0 10.0  2.3364461e-01  3.928e-06  0.000e+00
  9.0  8.0  2.3367650e-01  3.039e-06  0.000e+00
  9.0  9.0  2.3389110e-01  1.283e-08  0.000e+00
  9.0  9.0  2.3399863e-01  4.719e-06  0.000e+00
  9.0  8.0  2.3407564e-01  1.201e-06  0.000e+00
  9.0 10.0  2.3440870e-01  3.904e-07  0.000e+00
  9.0  9.0  2.3479690e-01  1.749e-05  0.000e+00
  9.0  9.0  2.3495182e-01  7.098e-07  0.000e+00
  9.0 10.0  2.3503383e-01  1.000e-05  0.000e+00
  9.0  8.0  2.3537464e-01  2.210e-07  0.000e+00
  9.0  8.0  2.3612325e-01  1.112e-09  0.000e+00
  9.0  9.0  2.3674154e-01  5.915e-06  0.000e+00
  9.0 10.0  2.3678711e-01  1.541e-06  0.000e+00
  9.0 10.0  2.3753207e-01  2.278e-07  0.000e+00
  9.0  8.0  2.3754300e-01  7.806e-08  0.000e+00
  9.0  9.0  2.3796674e-01  2.231e-06  0.000e+00
  9.0  9.0  2.3840506e-01  5.647e-09  0.000e+00
  9.0  8.0  2.3852124e-01  9.010e-08  0.000e+00
  9.0 10.0  2.3862558e-01  7.707e-09  0.000e+00
  9.0  8.0  2.4036063e-01  3.024e-07  0.000e+00
  9.0  9.0  2.4268846e-01  2.787e-08  0.000e+00
  9.0 10.0  2.4309762e-01  1.313e-06  0.000e+00
  9.0  8.0  2.4353366e-01  3.646e-08  0.000e+00
  9.0  9.0  2.4386035e-01  9.565e-07  0.000e+00
  9.0  8.0  2.4400068e-01  5.512e-07  0.000e+00
  9.0 10.0  2.4421529e-01  8.109e-07  0.000e+00
  9.0  8.0  2.4459027e-01  4.314e-10  0.000e+00
  9.0  9.0  2.4464404e-01  3.174e-06  0.000e+00
  9.0 10.0  2.4470281e-01  2.117e-08  0.000e+00
  9.0  9.0  2.4544595e-01  1.626e-07  0.000e+00
  9.0  8.0  2.4583734e-01  1.950e-07  0.000e+00
  9.0  8.0  2.4587652e-01  3.153e-07  0.000e+00
  9.0  9.0  2.4606424e-01  8.884e-06  0.000e+00
  9.0  8.0  2.4611755e-01  1.751e-05  0.000e+00
  9.0 10.0  2.4632760e-01  3.270e-05  0.000e+00
  9.0  9.0  2.4665383e-01  1.445e-05  0.000e+00
  9.0  8.0  2.4705297e-01  2.826e-06  0.000e+00
  9.0  9.0  2.4714956e-01  1.810e-06  0.000e+00
  9.0  8.0  2.4753275e-01  3.334e-08  0.000e+00
  9.0  8.0  2.4781114e-01  1.052e-07  0.000e+00
  9.0  9.0  2.4826495e-01  2.769e-08  0.000e+00
  9.0 10.0  2.4831917e-01  2.813e-06  0.000e+00
  9.0  8.0  2.4870464e-01  1.997e-07  0.000e+00
  9.0  9.0  2.4878619e-01  1.396e-06  0.000e+00
  9.0  8.0  2.4902540e-01  4.991e-07  0.000e+00
  9.0  9.0  2.4910058e-01  6.461e-08  0.000e+00
  9.0  8.0  2.4959540e-01  3.105e-07  0.000e+00
  9.0  8.0  2.4992300e-01  6.562e-07  0.000e+00
  9.0  9.0  2.5054311e-01  7.083e-07  0.000e+00
  9.0  8.0  2.5189953e-01  3.771e-07  0.000e+00
  9.0  8.0  2.5288643e-01  5.765e-07  0.000e+00
  9.0  9.0  2.5297346e-01  8.504e-07  0.000e+00
  9.0  8.0  2.5331610e-01  6.011e-08  0.000e+00
  9.0 10.0  2.5431803e-01  8.401e-09  0.000e+00
  9.0  8.0  2.5458868e-01  3.582e-09  0.000e+00
  9.0  8.0  2.5485249e-01  1.433e-06  0.000e+00
  9.0 10.0  2.5551498e-01  2.706e-08  0.000e+00
  9.0  9.0  2.5551908e-01  2.664e-06  0.000e+00
  9.0  9.0  2.5563390e-01  1.052e-06  0.000e+00
  9.0  8.0  2.5595558e-01  1.772e-09  0.000e+00
  9.0 10.0  2.5605855e-01  1.079e-07  0.000e+00
  9.0  9.0  2.5621711e-01  6.928e-07  0.000e+00
  9.0  8.0  2.5633421e-01  9.219e-10  0.000e+00
  9.0  8.0  2.5697756e-01  6.330e-08  0.000e+00
  9.0 10.0  2.5714706e-01  2.194e-08  0.000e+00
  9.0  8.0  2.5728147e-01  9.655e-08  0.000e+00
  9.0  9.0  2.5745689e-01  1.365e-07  0.000e+00
  9.0  8.0  2.6938262e-01  1.149e-06  0.000e+00
  9.0  8.0  2.7613282e-01  4.577e-08  0.000e+00
  9.0  9.0  2.7653377e-01  3.864e-07  0.000e+00
  9.0  9.0  2.7675612e-01  8.290e-09  0.000e+00
  9.0  8.0  2.7686639e-01  1.770e-07  0.000e+00
  9.0 10.0  2.7755120e-01  4.791e-07  0.000e+00
  9.0  8.0  2.7779269e-01  3.909e-09  0.000e+00
  9.0  8.0  2.7829616e-01  5.885e-09  0.000e+00
  9.0  9.0  2.7853127e-01  2.435e-07  0.000e+00
  9.0  8.0  2.7884019e-01  3.200e-08  0.000e+00
  9.0 10.0  2.7889395e-01  1.716e-07  0.000e+00
  9.0  9.0  2.7946167e-01  1.997e-07  0.000e+00
  9.0 10.0  2.7948764e-01  6.415e-08  0.000e+00
  9.0  8.0  2.7961021e-01  1.306e-07  0.000e+00
  9.0  9.0  2.8015104e-01  1.790e-12  0.000e+00
  9.0  8.0  2.8047181e-01  1.511e-08  0.000e+00
  9.0  8.0  2.8652307e-01  1.569e-07  0.000e+00
  9.0  9.0  2.8898758e-01  1.571e-04  0.000e+00
  9.0  8.0  2.8984600e-01  1.605e-05  0.000e+00
  9.0  8.0  2.9504613e-01  1.936e-11  0.000e+00
  9.0  8.0  2.9679166e-01  3.456e-07  0.000e+00
  9.0  8.0  2.9700945e-01  9.829e-11  0.000e+00
  9.0  9.0  2.9714113e-01  2.372e-09  0.000e+00
  9.0 10.0  2.9753161e-01  7.819e-07  0.000e+00
  9.0  8.0  2.9778403e-01  2.753e-07  0.000e+00
  9.0  9.0  2.9819820e-01  1.381e-11  0.000e+00
  9.0  8.0  2.9844014e-01  8.743e-07  0.000e+00
  9.0  9.0  2.9880510e-01  2.049e-12  0.000e+00
  9.0  8.0  2.9950085e-01  1.971e-08  0.000e+00
  9.0 10.0  2.9973232e-01  2.231e-09  0.000e+00
  9.0  9.0  2.9975191e-01  3.928e-12  0.000e+00
  9.0  8.0  3.0183324e-01  1.376e-08  0.000e+00
  9.0  8.0  3.0577856e-01  6.749e-09  0.000e+00
  9.0  9.0  3.0609113e-01  4.539e-08  0.000e+00
  9.0  8.0  3.0627247e-01  2.428e-08  0.000e+00
  9.0 10.0  3.0668527e-01  1.070e-09  0.000e+00
  9.0  8.0  3.0802438e-01  3.511e-09  0.000e+00
  9.0  8.0  3.1366967e-01  3.349e-08  0.000e+00
  9.0 10.0  3.1694567e-01  4.244e-05  0.000e+00
  9.0  8.0  3.1722497e-01  2.695e-05  0.000e+00
  9.0  9.0  3.1738398e-01  7.104e-05  0.000e+00
  9.0 10.0  3.1788974e-01  1.333e-05  0.000e+00
  9.0  9.0  3.1802369e-01  2.652e-06  0.000e+00
  9.0  8.0  3.1866614e-01  1.328e-08  0.000e+00
  9.0  9.0  3.1870350e-01  1.175e-06  0.000e+00
  9.0 10.0  3.1938968e-01  9.876e-07  0.000e+00
  9.0  8.0  3.1948035e-01  1.947e-08  0.000e+00
  9.0  9.0  3.2020481e-01  2.154e-07  0.000e+00
  9.0  8.0  3.2025083e-01  1.358e-06  0.000e+00
  9.0  8.0  3.2043718e-01  1.001e-06  0.000e+00
  9.0  9.0  3.2050917e-01  1.499e-06  0.000e+00
  9.0  8.0  3.2115571e-01  3.552e-07  0.000e+00
  9.0  8.0  3.2250985e-01  4.036e-08  0.000e+00
  9.0  9.0  3.2686297e-01  1.590e-05  0.000e+00
  9.0  8.0  3.2699419e-01  3.167e-06  0.000e+00
  9.0  9.0  3.2755416e-01  1.824e-06  0.000e+00
  9.0  8.0  3.2779975e-01  1.681e-07  0.000e+00
  9.0 10.0  3.2824217e-01  2.797e-09  0.000e+00
  9.0 10.0  3.2843581e-01  1.418e-08  0.000e+00
  9.0  9.0  3.2860075e-01  9.233e-09  0.000e+00
  9.0  8.0  3.2870828e-01  1.852e-06  0.000e+00
  9.0  8.0  3.2878938e-01  1.300e-08  0.000e+00
  9.0  8.0  3.2908646e-01  4.810e-08  0.000e+00
  9.0  9.0  3.2914660e-01  3.488e-09  0.000e+00
  9.0 10.0  3.2922907e-01  1.436e-08  0.000e+00
  9.0  8.0  3.2925595e-01  6.886e-10  0.000e+00
  9.0  9.0  3.2936804e-01  1.051e-09  0.000e+00
  9.0 10.0  3.2986103e-01  6.565e-09  0.000e+00
  9.0  9.0  3.3009340e-01  1.201e-09  0.000e+00
  9.0  8.0  3.3009705e-01  2.335e-07  0.000e+00
  9.0  8.0  3.3048206e-01  2.098e-07  0.000e+00
  9.0  9.0  3.3053582e-01  3.679e-07  0.000e+00
  9.0 10.0  3.3056498e-01  1.825e-10  0.000e+00
  9.0  9.0  3.3079417e-01  1.979e-10  0.000e+00
  9.0  8.0  3.3118829e-01  9.287e-08  0.000e+00
  9.0  8.0  3.3183939e-01  6.076e-08  0.000e+00
  9.0  9.0  3.3233831e-01  1.153e-07  0.000e+00
  9.0  8.0  3.3240210e-01  3.971e-08  0.000e+00
  9.0  8.0  3.3325048e-01  6.666e-08  0.000e+00
  9.0  8.0  3.3401914e-01  1.804e-07  0.000e+00
  9.0  8.0  3.3611414e-01  4.445e-09  0.000e+00
  9.0  9.0  3.5454995e-01  2.097e-07  0.000e+00
  9.0 10.0  3.5461283e-01  5.596e-06  0.000e+00
  9.0  8.0  3.5540289e-01  2.123e-06  0.000e+00
  9.0  9.0  3.5540699e-01  6.589e-06  0.000e+00
  9.0  8.0  3.5554596e-01  8.155e-07  0.000e+00
  9.0 10.0  3.5560656e-01  3.197e-06  0.000e+00
  9.0  9.0  3.5586080e-01  1.677e-06  0.000e+00
  9.0  8.0  3.5604670e-01  5.559e-08  0.000e+00
  9.0 10.0  3.5627270e-01  1.366e-07  0.000e+00
  9.0 10.0  3.5669416e-01  1.897e-07  0.000e+00
  9.0  9.0  3.5671010e-01  7.733e-09  0.000e+00
  9.0  9.0  3.5707825e-01  4.761e-08  0.000e+00
  9.0  8.0  3.5726142e-01  1.446e-07  0.000e+00
  9.0  8.0  3.5748377e-01  7.030e-07  0.000e+00
  9.0  9.0  3.5758629e-01  2.058e-08  0.000e+00
  9.0  8.0  3.5775122e-01  8.435e-07  0.000e+00
  9.0  8.0  3.5839822e-01  4.347e-07  0.000e+00
  9.0  9.0  3.5888575e-01  1.173e-08  0.000e+00
  9.0  8.0  3.5981934e-01  2.543e-08  0.000e+00
  9.0  8.0  3.6149516e-01  1.135e-10  0.000e+00
  9.0  9.0  3.6204784e-01  1.579e-09  0.000e+00
  9.0  8.0  3.6270896e-01  3.886e-08  0.000e+00
  9.0  8.0  3.6307484e-01  4.041e-08  0.000e+00
  9.0  8.0  3.6685477e-01  3.257e-08  0.000e+00
  9.0  8.0  3.6940585e-01  2.023e-07  0.000e+00
  9.0  8.0  3.8852512e-01  1.376e-09  0.000e+00
  9.0  8.0  3.8896754e-01  3.681e-10  0.000e+00
  9.0  9.0  3.8898166e-01  1.127e-09  0.000e+00
  9.0  8.0  3.9018954e-01  1.298e-11  0.000e+00
  9.0  8.0  4.3857501e-01  1.543e-10  0.000e+00
  9.0  9.0  4.6391685e-01  8.548e-08  0.000e+00
  9.0  8.0  4.6429776e-01  1.483e-07  0.000e+00
  9.0  8.0  4.6576991e-01  1.930e-07  0.000e+00
  9.0  8.0  4.6638228e-01  4.653e-09  0.000e+00
  9.0  8.0  4.8159585e-01  1.721e-08  0.000e+00
  9.0  9.0  4.8193074e-01  1.068e-08  0.000e+00
  9.0  8.0  4.8227019e-01  3.882e-09  0.000e+00
  9.0  8.0  4.8324570e-01  7.219e-09  0.000e+00
  9.0  8.0  4.8370316e-01  2.890e-08  0.000e+00
  9.0  9.0  3.3666932e-02  1.035e-02  1.067e-14
  9.0  8.0  4.0815355e-02  3.280e-02  8.159e-14
  9.0 10.0  4.1037157e-02  1.367e-05  6.861e-17
  9.0  9.0  4.6877093e-02  9.035e-02  2.581e-13
  9.0  8.0  4.7281649e-02  7.461e-03  5.833e-14
  9.0 10.0  4.9116938e-02  7.884e-03  2.423e-14
  9.0  9.0  5.0040551e-02  3.446e-02  1.192e-13
  9.0  8.0  5.2000228e-02  2.356e-02  3.126e-13
  9.0  9.0  5.2215286e-02  1.086e-01  4.217e-13
  9.0  8.0  5.4331701e-02  4.757e-03  2.786e-14
  9.0  9.0  5.5524137e-02  2.157e-02  2.186e-13
  9.0 10.0  5.6776672e-02  1.060e-02  5.730e-14
  9.0  8.0  5.7260371e-02  1.759e-01  1.028e-12
  9.0  8.0  5.9628887e-02  1.129e-01  7.901e-13
  9.0  8.0  6.0266773e-02  2.913e-02  2.735e-13
  9.0  9.0  6.1477116e-02  2.181e-02  2.510e-13
  9.0  9.0  6.2592778e-02  6.427e-02  7.848e-13
  9.0  8.0  6.2905342e-02  7.422e-03  3.561e-13
  9.0 10.0  6.2578289e-02  8.250e-03  9.690e-14
  9.0 10.0  6.4400501e-02  7.782e-02  5.108e-13
  9.0  9.0  6.6008839e-02  7.660e-02  2.001e-12
  9.0  8.0  6.6649049e-02  2.576e-03  7.639e-13
  9.0  8.0  6.7285294e-02  2.412e-03  5.654e-14
  9.0  9.0  6.7177173e-02  3.451e-02  1.082e-12
  9.0  8.0  6.8749653e-02  2.876e-02  1.688e-12
  9.0  8.0  6.9535118e-02  1.613e-02  1.839e-13
  9.0  9.0  6.9778745e-02  2.295e-01  2.381e-12
  9.0 10.0  7.0701857e-02  3.513e-03  3.745e-13
  9.0  8.0  7.0607814e-02  1.709e-03  6.626e-13
  9.0  9.0  7.2005012e-02  1.071e-02  2.131e-13
  9.0 10.0  7.2290193e-02  9.834e-03  4.354e-13
  9.0  9.0  7.3967058e-02  4.995e-01  6.076e-12
  9.0  8.0  7.4359403e-02  2.873e-02  1.464e-12
  9.0  8.0  7.4980339e-02  1.085e-03  4.163e-13
  9.0 10.0  7.4977697e-02  7.858e-04  3.940e-14
  9.0  8.0  7.6105114e-02  2.585e-02  9.363e-13
  9.0  9.0  7.6504659e-02  2.911e-01  7.254e-12
  9.0  8.0  7.7312313e-02  1.135e-02  1.758e-13
  9.0  9.0  7.7976580e-02  1.531e-01  2.281e-12
  9.0  9.0  7.8733022e-02  2.422e-03  1.809e-13
  9.0  8.0  7.8705001e-02  3.207e-01  5.204e-12
  9.0  8.0  7.9433694e-02  4.043e-01  7.785e-12
  9.0 10.0  8.0494589e-02  1.704e-02  3.531e-13
  9.0  8.0  8.0546987e-02  5.303e-02  1.015e-12
  9.0  9.0  8.1259050e-02  5.451e-02  1.263e-12
  9.0  8.0  8.1734822e-02  2.247e-01  3.766e-12
  9.0  9.0  8.2935687e-02  2.750e-03  3.753e-12
  9.0  8.0  8.3676182e-02  5.194e-03  6.141e-13
  9.0  8.0  8.4537874e-02  4.846e-01  9.476e-12
  9.0  9.0  8.5280055e-02  1.534e-01  4.174e-12
  9.0 10.0  8.5675772e-02  1.611e-02  6.208e-13
  9.0  8.0  8.5224285e-02  5.580e-02  1.316e-12
  9.0  8.0  8.6315754e-02  4.202e-02  9.520e-13
  9.0  9.0  8.5918442e-02  1.036e-01  2.785e-12
  9.0  8.0  8.7831325e-02  9.148e-02  1.982e-12
  9.0 10.0  8.8453947e-02  8.025e-03  9.651e-13
  9.0  9.0  8.7697915e-02  3.202e-02  6.379e-12
  9.0  8.0  8.8416266e-02  2.942e-01  1.328e-11
  9.0  8.0  8.9656088e-02  1.959e-02  4.165e-12
  9.0  9.0  9.0170634e-02  1.540e-02  2.861e-12
  9.0  8.0  9.0973414e-02  3.157e-01  1.341e-11
  9.0  9.0  9.0980750e-02  5.007e-02  2.682e-12
  9.0  8.0  9.2280305e-02  1.647e-02  9.957e-13
  9.0  9.0  9.2348331e-02  2.259e-03  2.791e-12
  9.0 10.0  9.3485499e-02  4.220e-03  1.030e-12
  9.0  8.0  9.3227702e-02  8.731e-03  6.856e-13
  9.0  8.0  9.3983779e-02  1.824e-01  8.136e-12
  9.0  9.0  9.4522018e-02  1.388e-02  9.433e-13
  9.0  8.0  9.4931268e-02  3.599e-01  1.016e-11
  9.0  8.0  9.6207404e-02  1.161e-01  8.136e-12
  9.0  9.0  9.6557467e-02  1.897e-01  6.860e-12
  9.0  8.0  9.6477002e-02  2.511e-02  5.447e-12
  9.0 10.0  9.6819911e-02  9.028e-05  6.970e-15
  9.0  8.0  9.7055473e-02  9.346e-01  3.217e-11
  9.0  8.0  9.8293427e-02  1.375e-02  3.355e-12
  9.0  8.0  9.9195125e-02  3.856e-02  9.815e-12
  9.0 10.0  9.9200592e-02  5.728e-04  6.173e-13
  9.0 10.0  9.9355507e-02  2.981e-03  5.501e-13
  9.0  8.0  9.9516346e-02  1.456e-01  6.154e-12
  9.0  9.0  9.9598815e-02  3.375e-02  1.671e-12
  9.0  9.0  9.9925960e-02  3.773e-02  1.484e-12
  9.0  9.0  1.0095204e-01  3.582e-03  6.092e-12
  9.0  9.0  1.0203007e-01  2.830e-02  4.889e-12
  9.0  8.0  1.0224969e-01  3.667e-03  9.858e-12
  9.0  8.0  1.0320970e-01  7.199e-02  4.922e-12
  9.0  9.0  1.0341702e-01  4.058e-02  4.023e-12
  9.0  8.0  1.0396924e-01  2.354e-01  9.449e-12
  9.0  8.0  1.0431644e-01  1.699e-02  2.906e-12
  9.0  8.0  1.0449504e-01  1.237e-02  3.556e-12
  9.0  8.0  1.0525094e-01  7.230e-02  4.453e-12
  9.0  9.0  1.0598223e-01  9.478e-04  2.263e-12
  9.0  8.0  1.0599590e-01  1.701e-02  6.860e-12
  9.0 10.0  1.0735642e-01  3.054e-04  9.334e-13
  9.0  8.0  1.0743980e-01  1.323e-01  7.653e-12
  9.0  8.0  1.0826768e-01  3.384e-03  1.265e-11
  9.0  9.0  1.0846087e-01  2.383e-02  2.743e-12
  9.0  8.0  1.0900854e-01  4.659e-02  2.438e-11
  9.0  9.0  1.1000137e-01  3.618e-03  4.739e-12
  9.0  8.0  1.1023830e-01  1.387e-02  2.296e-12
  9.0  8.0  1.1107119e-01  2.729e-07  3.274e-12
  9.0  9.0  1.1128990e-01  1.277e-05  3.756e-12
  9.0 10.0  1.1180658e-01  1.255e-01  4.943e-12
  9.0  9.0  1.1222394e-01  3.417e-04  1.366e-12
  9.0  8.0  1.1225174e-01  5.415e-02  2.600e-12
  9.0  8.0  1.1239481e-01  8.140e-02  6.750e-12
  9.0  8.0  1.1389247e-01  6.408e-03  6.610e-12
  9.0  8.0  1.1426700e-01  3.215e-02  1.186e-11
  9.0  8.0  1.1478733e-01  4.116e-01  2.888e-11
  9.0  8.0  1.1659118e-01  8.293e-02  1.374e-11
  9.0 10.0  1.1713384e-01  1.643e-05  4.396e-12
  9.0  8.0  1.1727418e-01  2.411e-06  8.797e-13
  9.0  9.0  1.1767377e-01  4.036e-02  7.519e-12
  9.0  9.0  1.1919467e-01  8.065e-02  2.701e-11
  9.0  8.0  1.1970179e-01  3.490e-02  1.029e-11
  9.0  8.0  1.2109921e-01  4.615e-02  5.376e-12
  9.0  8.0  1.2198177e-01  1.424e-02  9.774e-12
  9.0  8.0  1.2292266e-01  2.637e-02  3.853e-11
  9.0  8.0  1.2324935e-01  2.113e-04  4.153e-12
  9.0  9.0  1.2353503e-01  2.150e-01  1.180e-11
  9.0  9.0  1.2373551e-01  2.581e-01  1.573e-11
  9.0  8.0  1.2378608e-01  6.025e-02  3.217e-11
  9.0  8.0  1.2434970e-01  7.774e-04  3.660e-11
  9.0 10.0  1.2854881e-01  5.573e-01  3.833e-11
  9.0  9.0  1.2890101e-01  5.354e-02  4.849e-12
  9.0  9.0  1.2947329e-01  1.195e-04  1.574e-12
  9.0  8.0  1.3244447e-01  7.118e-02  1.688e-11
  9.0  8.0  1.3270372e-01  8.704e-02  2.929e-11
  9.0  8.0  1.3361271e-01  2.250e-02  5.362e-12
  9.0  8.0  1.3475908e-01  1.549e-01  1.201e-11
  9.0  8.0  1.3687687e-01  6.671e-05  6.772e-12
  9.0  8.0  1.3793166e-01  1.001e-01  3.583e-11
  9.0  8.0  1.3956236e-01  6.095e-03  7.812e-12
  9.0  8.0  1.4001253e-01  1.322e-02  1.565e-11
  9.0  9.0  1.4204374e-01  2.721e-04  2.008e-12
  9.0  9.0  1.4238729e-01  9.921e-04  1.744e-12
  9.0  8.0  1.4419159e-01  8.051e-02  1.251e-11
  9.0  8.0  1.5022463e-01  4.571e-04  1.923e-11
  9.0  8.0  1.5146987e-01  9.160e-02  1.116e-11
  9.0  9.0  1.5248821e-01  1.467e-01  1.528e-11
  9.0  8.0  1.5352204e-01  3.243e-04  1.871e-12
  9.0 10.0  1.5582754e-01  1.026e-01  9.823e-12
  9.0  8.0  1.5672514e-01  5.511e-04  4.496e-11
  9.0  8.0  1.5763367e-01  5.464e-02  7.412e-12
  9.0  9.0  1.5908668e-01  1.029e-01  1.171e-11
  9.0 10.0  1.5935004e-01  1.852e-01  2.059e-11
  9.0  9.0  1.5974371e-01  2.565e-01  3.151e-11
  9.0  8.0  1.6073516e-01  1.950e-01  2.699e-11
  9.0 10.0  1.6080670e-01  1.896e-01  2.407e-11
  9.0  9.0  1.6128602e-01  3.351e-01  4.248e-11
  9.0  8.0  1.6251395e-01  7.358e-04  2.480e-12
  9.0  9.0  1.6289896e-01  1.110e-01  1.434e-11
  9.0  8.0  1.6388359e-01  2.130e-02  4.310e-12
  9.0 10.0  1.6451464e-01  1.060e-01  1.569e-11
  9.0  8.0  1.6461943e-01  1.014e-02  3.335e-12
  9.0  9.0  1.6546737e-01  4.276e-01  5.467e-11
  9.0 10.0  1.6551202e-01  1.546e-01  1.980e-11
  9.0  9.0  1.6591707e-01  1.802e-01  3.124e-11
  9.0  8.0  1.6618316e-01  1.166e-02  6.227e-12
  9.0 10.0  1.6628796e-01  2.749e-01  3.347e-11
  9.0  8.0  1.6701287e-01  5.383e-02  2.161e-11
  9.0  9.0  1.6714637e-01  2.601e-01  4.107e-11
  9.0 10.0  1.6745484e-01  1.245e-01  2.199e-11
  9.0  9.0  1.6763025e-01  1.012e-05  1.244e-11
  9.0  8.0  1.6785853e-01  3.461e-01  5.690e-11
  9.0  8.0  1.6865816e-01  5.772e-04  2.658e-12
  9.0  9.0  1.6947147e-01  1.266e-04  4.412e-11
  9.0  9.0  1.6959175e-01  1.704e-02  9.483e-12
  9.0  8.0  1.6990477e-01  1.658e-02  1.141e-11
  9.0  8.0  1.7027930e-01  3.760e-02  1.315e-11
  9.0 10.0  1.7032487e-01  8.923e-03  2.642e-12
  9.0  9.0  1.7046110e-01  5.899e-03  2.158e-11
  9.0 10.0  1.7086115e-01  7.373e-02  1.781e-11
  9.0  8.0  1.7114227e-01  1.125e-01  2.464e-11
  9.0  8.0  1.7153184e-01  3.149e-02  1.043e-11
  9.0 10.0  1.7169450e-01  3.515e-01  4.538e-11
  9.0  9.0  1.7170634e-01  1.712e-01  2.934e-11
  9.0 10.0  1.7190227e-01  2.008e+00  2.687e-10
  9.0 10.0  1.7220253e-01  7.560e-03  7.217e-12
  9.0  8.0  1.7244675e-01  4.089e-02  8.487e-12
  9.0  9.0  1.7254516e-01  3.006e-01  4.655e-11
  9.0  9.0  1.7286775e-01  1.204e-01  2.047e-11
  9.0  8.0  1.7304682e-01  2.395e-01  4.377e-11
  9.0 10.0  1.7356350e-01  1.237e+00  1.644e-10
  9.0  8.0  1.7371842e-01  2.096e-02  4.620e-12
  9.0  9.0  1.7388655e-01  3.677e-03  5.628e-12
  9.0  9.0  1.7396401e-01  1.042e-01  1.938e-11
  9.0  8.0  1.7460417e-01  4.398e-02  1.023e-11
  9.0 10.0  1.7475271e-01  2.244e-03  5.515e-12
  9.0  9.0  1.7503565e-01  3.977e-01  6.537e-11
  9.0  8.0  1.7505342e-01  1.415e-03  9.134e-13
  9.0 10.0  1.7538512e-01  6.664e-02  1.303e-11
  9.0  8.0  1.7562114e-01  7.211e-03  8.407e-12
  9.0  9.0  1.7581615e-01  6.114e-03  3.443e-12
  9.0 10.0  1.7590546e-01  2.314e-01  4.915e-11
  9.0  9.0  1.7604169e-01  6.240e-02  2.719e-11
  9.0  8.0  1.7613510e-01  1.126e-01  3.083e-11
  9.0 10.0  1.7616152e-01  1.764e-01  2.760e-11
  9.0  9.0  1.7652421e-01  2.827e-01  5.564e-11
  9.0 10.0  1.7703953e-01  1.058e-05  6.611e-12
  9.0  8.0  1.7707552e-01  1.310e-03  3.395e-12
  9.0  9.0  1.7724866e-01  1.212e-01  2.446e-11
  9.0  8.0  1.7755075e-01  1.913e-01  4.218e-11
  9.0 10.0  1.7757763e-01  3.459e-05  2.602e-11
  9.0  9.0  1.7762137e-01  3.437e-01  5.509e-11
  9.0  9.0  1.7789202e-01  8.652e-02  1.552e-11
  9.0  8.0  1.7800638e-01  1.175e-01  2.666e-11
  9.0 10.0  1.7806470e-01  2.961e-02  6.274e-11
  9.0 10.0  1.7821050e-01  1.018e-02  6.807e-12
  9.0  8.0  1.7851304e-01  5.707e-04  2.878e-12
  9.0  9.0  1.7864108e-01  9.233e-02  4.891e-11
  9.0  8.0  1.7872810e-01  2.691e-02  1.408e-11
  9.0  9.0  1.7916551e-01  7.282e-02  3.722e-11
  9.0  8.0  1.7917234e-01  9.257e-04  2.698e-11
  9.0 10.0  1.7940563e-01  2.009e-01  6.780e-11
  9.0  9.0  1.7944800e-01  2.445e-01  5.376e-11
  9.0 10.0  1.7959973e-01  5.142e-02  4.949e-11
  9.0  8.0  1.7976330e-01  2.355e-03  1.006e-11
  9.0  9.0  1.8038068e-01  2.992e-02  1.032e-11
  9.0 10.0  1.8042123e-01  2.659e-01  1.544e-10
  9.0  8.0  1.8050097e-01  4.175e-03  3.143e-12
  9.0  9.0  1.8067639e-01  4.675e-02  2.010e-11
  9.0  8.0  1.8077253e-01  2.929e-02  3.196e-11
  9.0  9.0  1.8081308e-01  2.125e-03  2.512e-11
  9.0  8.0  1.8094202e-01  7.467e-04  6.544e-11
  9.0 10.0  1.8114797e-01  4.951e-02  1.119e-10
  9.0  8.0  1.8128056e-01  6.054e-05  7.937e-12
  9.0 10.0  1.8132475e-01  1.714e-02  3.984e-12
  9.0  9.0  1.8155758e-01  1.934e-03  4.261e-11
  9.0 10.0  1.8156396e-01  1.437e-01  4.297e-11
  9.0  9.0  1.8183688e-01  9.431e-02  2.714e-11
  9.0  8.0  1.8207609e-01  4.997e-03  7.225e-12
  9.0  9.0  1.8232031e-01  3.266e-02  2.994e-11
  9.0  9.0  1.8238911e-01  9.338e-04  8.380e-11
  9.0 10.0  1.8255040e-01  4.647e-02  3.040e-11
  9.0  8.0  1.8264016e-01  1.303e-02  7.720e-12
  9.0 10.0  1.8272036e-01  1.071e-02  5.566e-11
  9.0  9.0  1.8297004e-01  5.540e-03  1.778e-11
  9.0  8.0  1.8326393e-01  2.859e-04  6.128e-12
  9.0  8.0  1.8328853e-01  2.307e-03  6.277e-12
  9.0  8.0  1.8344162e-01  3.945e-03  2.993e-11
  9.0  9.0  1.8364392e-01  3.282e-02  2.045e-11
  9.0  9.0  1.8398656e-01  1.303e-01  8.219e-11
  9.0 10.0  1.8399567e-01  3.031e-02  1.806e-11
  9.0  8.0  1.8400661e-01  5.714e-02  1.412e-11
  9.0  8.0  1.8453150e-01  7.929e-03  3.117e-11
  9.0  9.0  1.8461442e-01  6.440e-02  2.830e-11
  9.0 10.0  1.8465406e-01  4.068e-03  4.405e-11
  9.0  8.0  1.8487140e-01  2.043e-02  1.033e-11
  9.0  9.0  1.8501857e-01  1.951e-06  4.858e-11
  9.0  8.0  1.8507279e-01  7.292e-03  2.510e-11
  9.0 10.0  1.8508008e-01  5.875e-02  1.260e-11
  9.0  9.0  1.8531382e-01  1.676e-02  2.564e-11
  9.0 10.0  1.8554847e-01  1.425e-02  2.038e-11
  9.0  9.0  1.8572571e-01  1.856e-02  1.157e-11
  9.0  8.0  1.8580043e-01  3.097e-02  8.872e-12
  9.0 10.0  1.8580818e-01  8.605e-08  1.185e-11
  9.0 10.0  1.8599453e-01  1.496e-01  6.499e-11
  9.0  9.0  1.8630573e-01  1.179e-01  8.899e-11
  9.0  8.0  1.8631120e-01  2.877e-02  4.242e-11
  9.0  8.0  1.8656726e-01  1.338e-04  3.428e-12
  9.0  8.0  1.8710628e-01  2.568e-02  1.268e-11
  9.0  9.0  1.8711220e-01  1.295e-02  1.542e-11
  9.0  8.0  1.8718601e-01  8.452e-03  2.457e-11
  9.0 10.0  1.8729263e-01  3.490e-03  4.121e-11
  9.0 10.0  1.8735733e-01  4.098e-02  4.425e-11
  9.0 10.0  1.8751589e-01  3.294e-02  9.344e-12
  9.0  9.0  1.8757512e-01  2.896e-04  9.956e-12
  9.0  8.0  1.8768037e-01  1.403e-02  2.120e-11
  9.0  9.0  1.8771637e-01  1.077e-02  3.097e-11
  9.0  8.0  1.8802347e-01  8.826e-03  1.952e-11
  9.0  9.0  1.8803303e-01  2.034e-03  6.878e-12
  9.0  8.0  1.8824262e-01  1.681e-02  1.470e-11
  9.0 10.0  1.8826541e-01  4.600e-03  2.639e-11
  9.0  9.0  1.8848502e-01  1.343e-02  9.674e-12
  9.0 10.0  1.8878255e-01  8.851e-03  3.697e-11
  9.0  9.0  1.8882219e-01  1.592e-02  2.745e-11
  9.0  8.0  1.8890967e-01  7.016e-04  9.425e-12
  9.0  8.0  1.8908828e-01  2.125e-02  1.012e-11
  9.0  9.0  1.8914660e-01  1.229e-03  6.328e-12
  9.0 10.0  1.8920401e-01  2.531e-02  2.582e-11
  9.0  8.0  1.8951521e-01  3.354e-05  1.027e-11
  9.0  9.0  1.8953161e-01  8.025e-03  1.295e-11
  9.0 10.0  1.8973072e-01  1.040e-03  6.669e-11
  9.0  8.0  1.8993393e-01  3.100e-03  2.554e-11
  9.0  8.0  1.9006789e-01  9.504e-04  6.355e-12
  9.0 10.0  1.9018225e-01  1.822e-01  6.451e-11
  9.0  9.0  1.9030163e-01  1.943e-02  1.835e-11
  9.0  9.0  1.9039184e-01  3.019e-02  3.106e-11
  9.0  8.0  1.9051350e-01  2.263e-02  1.878e-11
  9.0  9.0  1.9068709e-01  1.868e-02  1.401e-11
  9.0  8.0  1.9071671e-01  3.141e-02  1.591e-11
  9.0 10.0  1.9078916e-01  8.097e-02  2.851e-11
  9.0  8.0  1.9098280e-01  3.337e-03  2.580e-11
  9.0 10.0  1.9125755e-01  1.731e-02  1.465e-11
  9.0  8.0  1.9136644e-01  3.148e-03  8.062e-12
  9.0  9.0  1.9145757e-01  1.309e-02  2.893e-11
  9.0 10.0  1.9153457e-01  9.327e-03  4.177e-11
  9.0  9.0  1.9168356e-01  6.196e-02  5.701e-11
  9.0  8.0  1.9176512e-01  3.702e-03  1.077e-11
  9.0  8.0  1.9205627e-01  1.230e-03  1.791e-11
  9.0  8.0  1.9207996e-01  4.278e-04  1.881e-11
  9.0  9.0  1.9225402e-01  6.112e-02  5.276e-11
  9.0 10.0  1.9228226e-01  5.377e-02  1.998e-11
  9.0 10.0  1.9247955e-01  8.889e-03  2.117e-11
  9.0  9.0  1.9254380e-01  1.271e-01  5.827e-11
  9.0  9.0  1.9287960e-01  4.216e-02  1.996e-11
  9.0 10.0  1.9297437e-01  4.526e-02  8.009e-11
  9.0  8.0  1.9300763e-01  4.080e-04  1.330e-11
  9.0  9.0  1.9310833e-01  8.244e-03  2.903e-11
  9.0  9.0  1.9321950e-01  1.639e-02  1.825e-11
  9.0 10.0  1.9324319e-01  3.603e-02  7.765e-11
  9.0  8.0  1.9384144e-01  7.110e-04  1.451e-11
  9.0  9.0  1.9392528e-01  2.601e-04  1.785e-11
  9.0  8.0  1.9397767e-01  1.537e-03  1.838e-11
  9.0 10.0  1.9414899e-01  2.304e-02  2.703e-11
  9.0  8.0  1.9431074e-01  3.533e-03  3.589e-11
  9.0 10.0  1.9442146e-01  4.705e-04  8.783e-12
  9.0  8.0  1.9450393e-01  5.283e-03  8.573e-12
  9.0  8.0  1.9483517e-01  2.920e-03  9.973e-12
  9.0  9.0  1.9485203e-01  3.115e-03  2.267e-11
  9.0  8.0  1.9505388e-01  8.220e-05  3.394e-11
  9.0 10.0  1.9516004e-01  5.843e-03  7.230e-11
  9.0  9.0  1.9518373e-01  2.644e-02  1.913e-11
  9.0  8.0  1.9547078e-01  4.751e-07  1.225e-11
  9.0  9.0  1.9547215e-01  2.042e-02  1.853e-11
  9.0 10.0  1.9554004e-01  1.000e-04  1.782e-11
  9.0  9.0  1.9557284e-01  3.124e-02  3.816e-11
  9.0  8.0  1.9559836e-01  5.727e-05  9.711e-12
  9.0 10.0  1.9579656e-01  3.181e-03  2.407e-12
  9.0  8.0  1.9606356e-01  1.802e-03  5.145e-11
  9.0  9.0  1.9606356e-01  3.747e-02  5.145e-11
  9.0  8.0  1.9629502e-01  1.226e-03  1.281e-11
  9.0 10.0  1.9634195e-01  5.047e-03  1.062e-11
  9.0  9.0  1.9635198e-01  3.192e-07  1.366e-11
  9.0  8.0  1.9660895e-01  5.207e-03  8.584e-12
  9.0  9.0  1.9668231e-01  1.138e-03  2.533e-11
  9.0 10.0  1.9671557e-01  9.617e-03  1.627e-11
  9.0  9.0  1.9693382e-01  1.841e-02  1.042e-11
  9.0  8.0  1.9717075e-01  1.181e-05  1.474e-11
  9.0  9.0  1.9757808e-01  2.584e-01  1.016e-10
  9.0  8.0  1.9771614e-01  8.891e-04  5.109e-12
  9.0 10.0  1.9788017e-01  2.853e-03  1.302e-11
  9.0  8.0  1.9801230e-01  4.366e-04  1.268e-11
  9.0  9.0  1.9803463e-01  4.238e-02  2.529e-11
  9.0 10.0  1.9819410e-01  6.429e-03  4.531e-11
  9.0  8.0  1.9822189e-01  2.754e-04  1.476e-11
  9.0  9.0  1.9841645e-01  1.012e-04  1.249e-11
  9.0 10.0  1.9853901e-01  5.727e-02  4.283e-11
  9.0  9.0  1.9863105e-01  2.817e-02  1.918e-11
  9.0  8.0  1.9865110e-01  4.831e-04  2.105e-11
  9.0  8.0  1.9889623e-01  4.560e-03  3.121e-11
  9.0  9.0  1.9898280e-01  1.529e-02  5.852e-11
  9.0 10.0  1.9922702e-01  1.956e-03  1.126e-11
  9.0  9.0  1.9925481e-01  7.746e-03  2.532e-11
  9.0  8.0  1.9925800e-01  2.217e-04  6.907e-12
  9.0 10.0  1.9939788e-01  2.188e-03  5.376e-11
  9.0  8.0  1.9940153e-01  9.198e-06  1.483e-11
  9.0  8.0  1.9961294e-01  1.734e-04  2.395e-11
  9.0  9.0  1.9968675e-01  4.998e-06  2.374e-11
  9.0  9.0  1.9999020e-01  1.226e-02  5.452e-11
  9.0 10.0  2.0004488e-01  1.028e-02  2.225e-11
  9.0  8.0  2.0013920e-01  8.029e-05  3.891e-11
  9.0  8.0  2.0015104e-01  5.090e-04  1.426e-11
  9.0  9.0  2.0028363e-01  7.907e-03  1.946e-11
  9.0  9.0  2.0043399e-01  1.172e-03  4.003e-11
  9.0  8.0  2.0057569e-01  5.753e-04  6.043e-11
  9.0 10.0  2.0075977e-01  3.496e-03  0.000e+00
  9.0  9.0  2.0080077e-01  9.613e-03  0.000e+00
  9.0  8.0  2.0110605e-01  1.396e-03  0.000e+00
  9.0  8.0  2.0131928e-01  1.520e-03  0.000e+00
  9.0  9.0  2.0132430e-01  6.369e-04  0.000e+00
  9.0 10.0  2.0139446e-01  4.088e-04  0.000e+00
  9.0  9.0  2.0165417e-01  1.303e-02  0.000e+00
  9.0 10.0  2.0169199e-01  2.193e-02  0.000e+00
  9.0  8.0  2.0176034e-01  1.699e-04  0.000e+00
  9.0 10.0  2.0195444e-01  1.902e-03  0.000e+00
  9.0  9.0  2.0196082e-01  5.481e-05  0.000e+00
  9.0  8.0  2.0216448e-01  2.444e-04  0.000e+00
  9.0 10.0  2.0223921e-01  3.275e-02  0.000e+00
  9.0  8.0  2.0229935e-01  6.520e-04  0.000e+00
  9.0  8.0  2.0244789e-01  1.899e-03  0.000e+00
  9.0 10.0  2.0245609e-01  2.688e-02  0.000e+00
  9.0  9.0  2.0266067e-01  3.938e-03  0.000e+00
  9.0  9.0  2.0271079e-01  1.739e-03  0.000e+00
  9.0 10.0  2.0297323e-01  5.464e-05  0.000e+00
  9.0  8.0  2.0300695e-01  2.712e-03  0.000e+00
  9.0  8.0  2.0308668e-01  1.312e-03  0.000e+00
  9.0 10.0  2.0320606e-01  6.767e-03  0.000e+00
  9.0  8.0  2.0331632e-01  3.706e-03  0.000e+00
  9.0  9.0  2.0333546e-01  2.731e-04  0.000e+00
  9.0  9.0  2.0336872e-01  5.554e-06  0.000e+00
  9.0  9.0  2.0379291e-01  1.468e-02  0.000e+00
  9.0  8.0  2.0381980e-01  4.685e-04  0.000e+00
  9.0 10.0  2.0409090e-01  1.219e-04  0.000e+00
  9.0  9.0  2.0409591e-01  1.922e-05  0.000e+00
  9.0 10.0  2.0423716e-01  5.787e-03  0.000e+00
  9.0  8.0  2.0425310e-01  1.022e-03  0.000e+00
  9.0  9.0  2.0439891e-01  4.641e-04  0.000e+00
  9.0  8.0  2.0451600e-01  3.866e-05  0.000e+00
  9.0 10.0  2.0469051e-01  3.737e-03  0.000e+00
  9.0  9.0  2.0474473e-01  1.817e-02  0.000e+00
  9.0  8.0  2.0490967e-01  1.210e-04  0.000e+00
  9.0 10.0  2.0497574e-01  2.611e-02  0.000e+00
  9.0  9.0  2.0500490e-01  6.037e-04  0.000e+00
  9.0  9.0  2.0519718e-01  4.555e-03  0.000e+00
  9.0 10.0  2.0532612e-01  1.305e-02  0.000e+00
  9.0  8.0  2.0535984e-01  5.109e-04  0.000e+00
  9.0  8.0  2.0540312e-01  3.652e-04  0.000e+00
  9.0  9.0  2.0555849e-01  2.308e-03  0.000e+00
  9.0  8.0  2.0571705e-01  4.549e-06  0.000e+00
  9.0 10.0  2.0582139e-01  2.364e-06  0.000e+00
  9.0  9.0  2.0588791e-01  8.028e-03  0.000e+00
  9.0 10.0  2.0622599e-01  8.842e-04  0.000e+00
  9.0  8.0  2.0625652e-01  3.234e-04  0.000e+00
  9.0  9.0  2.0637726e-01  3.494e-03  0.000e+00
  9.0  8.0  2.0657364e-01  9.827e-06  0.000e+00
  9.0  9.0  2.0674314e-01  1.273e-02  0.000e+00
  9.0  8.0  2.0686069e-01  1.906e-03  0.000e+00
  9.0 10.0  2.0701105e-01  9.817e-05  0.000e+00
  9.0  8.0  2.0711858e-01  1.957e-04  0.000e+00
  9.0  8.0  2.0725345e-01  2.660e-03  0.000e+00
  9.0  9.0  2.0731086e-01  1.963e-03  0.000e+00
  9.0 10.0  2.0737373e-01  2.248e-02  0.000e+00
  9.0  8.0  2.0743889e-01  8.237e-06  0.000e+00
  9.0  9.0  2.0765440e-01  9.345e-04  0.000e+00
  9.0  8.0  2.0777469e-01  4.526e-04  0.000e+00
  9.0 10.0  2.0787128e-01  3.636e-04  0.000e+00
  9.0  9.0  2.0800524e-01  1.548e-02  0.000e+00
  9.0 10.0  2.0812644e-01  7.284e-05  0.000e+00
  9.0  8.0  2.0819569e-01  1.120e-03  0.000e+00
  9.0  9.0  2.0838205e-01  7.376e-03  0.000e+00
  9.0  8.0  2.0838934e-01  1.403e-04  0.000e+00
  9.0  9.0  2.0845176e-01  6.636e-04  0.000e+00
  9.0 10.0  2.0846771e-01  4.364e-03  0.000e+00
  9.0  8.0  2.0860576e-01  7.842e-05  0.000e+00
  9.0  8.0  2.0871238e-01  2.228e-04  0.000e+00
  9.0  9.0  2.0887049e-01  1.448e-03  0.000e+00
  9.0  8.0  2.0888370e-01  1.109e-03  0.000e+00
  9.0  9.0  2.0900763e-01  7.151e-04  0.000e+00
  9.0 10.0  2.0908965e-01  2.939e-03  0.000e+00
  9.0  9.0  2.0920674e-01  1.416e-03  0.000e+00
  9.0  8.0  2.0922497e-01  8.932e-04  0.000e+00
  9.0 10.0  2.0943000e-01  7.643e-03  0.000e+00
  9.0  9.0  2.0967741e-01  7.743e-03  0.000e+00
  9.0 10.0  2.0973300e-01  7.594e-05  0.000e+00
  9.0  8.0  2.0975214e-01  2.408e-04  0.000e+00
  9.0  9.0  2.0992300e-01  2.440e-03  0.000e+00
  9.0  9.0  2.1000365e-01  1.413e-02  0.000e+00
  9.0 10.0  2.1002005e-01  5.625e-09  0.000e+00
  9.0  8.0  2.1014170e-01  1.704e-05  0.000e+00
  9.0  8.0  2.1027611e-01  1.692e-04  0.000e+00
  9.0  8.0  2.1043467e-01  1.711e-04  0.000e+00
  9.0  8.0  2.1060144e-01  1.622e-05  0.000e+00
  9.0 10.0  2.1062968e-01  1.375e-02  0.000e+00
  9.0  8.0  2.1068892e-01  1.030e-05  0.000e+00
  9.0  9.0  2.1070441e-01  1.512e-04  0.000e+00
  9.0  9.0  2.1082059e-01  6.863e-05  0.000e+00
  9.0 10.0  2.1089760e-01  2.084e-04  0.000e+00
  9.0  8.0  2.1102608e-01  1.860e-04  0.000e+00
  9.0 10.0  2.1133500e-01  1.121e-03  0.000e+00
  9.0  9.0  2.1137510e-01  1.495e-03  0.000e+00
  9.0  9.0  2.1143570e-01  2.816e-05  0.000e+00
  9.0  8.0  2.1163709e-01  1.146e-04  0.000e+00
  9.0  8.0  2.1172867e-01  2.102e-04  0.000e+00
  9.0  9.0  2.1189771e-01  8.775e-04  0.000e+00
  9.0  9.0  2.1201617e-01  2.189e-03  0.000e+00
  9.0 10.0  2.1202347e-01  5.736e-03  0.000e+00
  9.0  8.0  2.1208042e-01  3.392e-05  0.000e+00
  9.0  8.0  2.1223670e-01  7.324e-09  0.000e+00
  9.0  8.0  2.1227771e-01  4.948e-04  0.000e+00
  9.0  9.0  2.1235061e-01  1.271e-02  0.000e+00
  9.0 10.0  2.1246406e-01  1.910e-02  0.000e+00
  9.0  9.0  2.1258207e-01  4.927e-03  0.000e+00
  9.0 10.0  2.1258754e-01  4.037e-03  0.000e+00
  9.0  8.0  2.1260257e-01  8.581e-04  0.000e+00
  9.0  9.0  2.1275065e-01  2.383e-03  0.000e+00
  9.0  9.0  2.1295159e-01  1.092e-03  0.000e+00
  9.0  8.0  2.1311926e-01  4.166e-03  0.000e+00
  9.0 10.0  2.1324137e-01  3.338e-02  0.000e+00
  9.0  9.0  2.1334024e-01  3.993e-03  0.000e+00
  9.0 10.0  2.1334799e-01  2.119e-02  0.000e+00
  9.0  9.0  2.1359494e-01  1.304e-02  0.000e+00
  9.0  8.0  2.1365281e-01  3.075e-04  0.000e+00
  9.0 10.0  2.1365600e-01  3.577e-04  0.000e+00
  9.0  8.0  2.1384417e-01  2.463e-04  0.000e+00
  9.0  8.0  2.1403508e-01  4.770e-04  0.000e+00
  9.0 10.0  2.1410798e-01  1.231e-03  0.000e+00
  9.0  9.0  2.1412667e-01  3.672e-04  0.000e+00
  9.0  8.0  2.1412758e-01  1.483e-03  0.000e+00
  9.0  9.0  2.1423420e-01  8.353e-03  0.000e+00
  9.0  8.0  2.1448844e-01  1.777e-03  0.000e+00
  9.0 10.0  2.1449710e-01  3.276e-03  0.000e+00
  9.0 10.0  2.1452033e-01  7.007e-03  0.000e+00
  9.0  8.0  2.1476318e-01  6.487e-05  0.000e+00
  9.0  9.0  2.1481923e-01  3.262e-04  0.000e+00
  9.0  9.0  2.1502608e-01  7.828e-04  0.000e+00
  9.0  8.0  2.1507757e-01  3.655e-05  0.000e+00
  9.0 10.0  2.1533227e-01  1.838e-02  0.000e+00
  9.0  9.0  2.1534913e-01  4.026e-03  0.000e+00
  9.0  8.0  2.1557467e-01  1.732e-03  0.000e+00
  9.0  8.0  2.1570224e-01  2.485e-03  0.000e+00
  9.0  9.0  2.1572730e-01  9.862e-03  0.000e+00
  9.0  8.0  2.1592368e-01  2.789e-04  0.000e+00
  9.0 10.0  2.1594783e-01  2.127e-03  0.000e+00
  9.0  8.0  2.1609135e-01  3.212e-04  0.000e+00
  9.0  8.0  2.1614740e-01  6.711e-03  0.000e+00
  9.0 10.0  2.1615651e-01  1.052e-02  0.000e+00
  9.0  9.0  2.1625584e-01  4.902e-04  0.000e+00
  9.0  8.0  2.1628181e-01  1.499e-03  0.000e+00
  9.0 10.0  2.1641440e-01  1.417e-02  0.000e+00
  9.0  9.0  2.1644720e-01  3.653e-04  0.000e+00
  9.0  8.0  2.1655838e-01  7.571e-04  0.000e+00
  9.0  9.0  2.1665087e-01  1.588e-03  0.000e+00
  9.0 10.0  2.1676387e-01  4.394e-03  0.000e+00
  9.0  9.0  2.1714614e-01  2.059e-03  0.000e+00
  9.0  8.0  2.1718988e-01  7.747e-04  0.000e+00
  9.0  9.0  2.1735938e-01  7.446e-04  0.000e+00
  9.0  8.0  2.1751521e-01  1.826e-03  0.000e+00
  9.0 10.0  2.1753525e-01  1.417e-02  0.000e+00
  9.0  9.0  2.1768242e-01  3.131e-04  0.000e+00
  9.0 10.0  2.1769063e-01  1.257e-02  0.000e+00
  9.0  8.0  2.1776899e-01  8.595e-04  0.000e+00
  9.0  9.0  2.1791343e-01  5.695e-03  0.000e+00
  9.0  8.0  2.1792573e-01  1.349e-03  0.000e+00
  9.0  8.0  2.1794760e-01  1.725e-03  0.000e+00
  9.0 10.0  2.1805468e-01  3.116e-03  0.000e+00
  9.0 10.0  2.1831894e-01  1.181e-03  0.000e+00
  9.0  9.0  2.1846019e-01  1.961e-05  0.000e+00
  9.0  8.0  2.1849345e-01  4.892e-03  0.000e+00
  9.0  8.0  2.1872400e-01  1.454e-03  0.000e+00
  9.0  8.0  2.1901697e-01  3.333e-04  0.000e+00
  9.0  9.0  2.1908896e-01  1.121e-03  0.000e+00
  9.0  8.0  2.1917234e-01  2.501e-04  0.000e+00
  9.0 10.0  2.1917827e-01  1.405e-03  0.000e+00
  9.0 10.0  2.1924616e-01  2.746e-03  0.000e+00
  9.0  9.0  2.1924889e-01  4.686e-03  0.000e+00
  9.0  8.0  2.1932088e-01  6.929e-05  0.000e+00
  9.0  9.0  2.1954596e-01  8.843e-04  0.000e+00
  9.0  8.0  2.1966670e-01  2.044e-03  0.000e+00
  9.0  9.0  2.1968903e-01  1.713e-05  0.000e+00
  9.0 10.0  2.1975419e-01  8.554e-05  0.000e+00
  9.0  8.0  2.1981843e-01  6.037e-04  0.000e+00
  9.0  8.0  2.2010730e-01  1.067e-03  0.000e+00
  9.0  9.0  2.2021346e-01  3.675e-03  0.000e+00
  9.0 10.0  2.2025857e-01  4.238e-04  0.000e+00
  9.0  8.0  2.2038660e-01  5.090e-05  0.000e+00
  9.0 10.0  2.2051783e-01  1.624e-02  0.000e+00
  9.0  9.0  2.2056066e-01  7.846e-06  0.000e+00
  9.0  9.0  2.2061214e-01  3.755e-03  0.000e+00
  9.0  8.0  2.2072058e-01  1.114e-05  0.000e+00
  9.0  8.0  2.2098804e-01  3.153e-04  0.000e+00
  9.0 10.0  2.2100900e-01  3.238e-03  0.000e+00
  9.0  9.0  2.2105638e-01  2.066e-05  0.000e+00
  9.0 10.0  2.2117212e-01  6.411e-03  0.000e+00
  9.0  9.0  2.2120902e-01  4.748e-03  0.000e+00
  9.0  9.0  2.2130197e-01  1.769e-04  0.000e+00
  9.0  8.0  2.2131610e-01  5.466e-04  0.000e+00
  9.0 10.0  2.2152933e-01  6.134e-04  0.000e+00
  9.0  8.0  2.2154665e-01  2.736e-04  0.000e+00
  9.0  9.0  2.2167331e-01  6.758e-03  0.000e+00
  9.0 10.0  2.2192847e-01  1.517e-02  0.000e+00
  9.0  8.0  2.2193302e-01  4.514e-04  0.000e+00
  9.0  8.0  2.2209432e-01  5.460e-05  0.000e+00
  9.0  9.0  2.2223237e-01  3.388e-03  0.000e+00
  9.0 10.0  2.2240870e-01  2.379e-02  0.000e+00
  9.0  9.0  2.2257774e-01  4.631e-03  0.000e+00
  9.0  8.0  2.2264199e-01  5.670e-04  0.000e+00
  9.0  9.0  2.2271215e-01  4.996e-04  0.000e+00
  9.0  8.0  2.2296093e-01  9.139e-04  0.000e+00
  9.0 10.0  2.2300877e-01  1.959e-05  0.000e+00
  9.0  8.0  2.2305935e-01  1.708e-05  0.000e+00
  9.0  9.0  2.2318237e-01  4.876e-03  0.000e+00
  9.0  9.0  2.2326301e-01  1.603e-03  0.000e+00
  9.0  8.0  2.2332908e-01  1.505e-04  0.000e+00
  9.0 10.0  2.2340745e-01  4.941e-03  0.000e+00
  9.0  9.0  2.2348035e-01  4.902e-03  0.000e+00
  9.0 10.0  2.2353275e-01  2.238e-04  0.000e+00
  9.0  8.0  2.2354870e-01  9.097e-04  0.000e+00
  9.0  9.0  2.2376649e-01  3.063e-04  0.000e+00
  9.0  8.0  2.2384076e-01  4.152e-05  0.000e+00
  9.0  9.0  2.2392368e-01  1.599e-03  0.000e+00
  9.0  8.0  2.2394418e-01  4.100e-05  0.000e+00
  9.0  8.0  2.2430915e-01  4.417e-03  0.000e+00
  9.0 10.0  2.2434514e-01  5.616e-04  0.000e+00
  9.0  9.0  2.2443991e-01  1.805e-04  0.000e+00
  9.0 10.0  2.2450552e-01  2.173e-04  0.000e+00
  9.0  8.0  2.2455701e-01  7.422e-06  0.000e+00
  9.0 10.0  2.2477344e-01  1.443e-03  0.000e+00
  9.0  8.0  2.2481080e-01  2.066e-04  0.000e+00
  9.0  9.0  2.2493200e-01  2.275e-03  0.000e+00
  9.0  9.0  2.2512974e-01  6.041e-04  0.000e+00
  9.0  8.0  2.2526734e-01  8.616e-07  0.000e+00
  9.0  9.0  2.2535300e-01  8.132e-04  0.000e+00
  9.0  8.0  2.2540722e-01  2.899e-05  0.000e+00
  9.0  8.0  2.2557216e-01  1.662e-04  0.000e+00
  9.0 10.0  2.2560952e-01  5.416e-03  0.000e+00
  9.0  8.0  2.2578266e-01  5.692e-05  0.000e+00
  9.0  9.0  2.2578995e-01  5.261e-04  0.000e+00
  9.0 10.0  2.2581273e-01  1.997e-03  0.000e+00
  9.0  9.0  2.2599225e-01  3.589e-03  0.000e+00
  9.0  8.0  2.2601731e-01  3.777e-04  0.000e+00
  9.0 10.0  2.2613851e-01  8.213e-04  0.000e+00
  9.0  9.0  2.2632395e-01  2.910e-03  0.000e+00
  9.0  8.0  2.2636587e-01  4.169e-05  0.000e+00
  9.0 10.0  2.2643422e-01  1.458e-03  0.000e+00
  9.0  8.0  2.2656817e-01  1.647e-06  0.000e+00
  9.0  9.0  2.2660462e-01  2.654e-04  0.000e+00
  9.0  9.0  2.2679189e-01  9.249e-10  0.000e+00
  9.0  8.0  2.2679235e-01  4.358e-04  0.000e+00
  9.0  9.0  2.2702745e-01  1.425e-04  0.000e+00
  9.0  8.0  2.2704203e-01  4.931e-04  0.000e+00
  9.0 10.0  2.2719194e-01  1.968e-07  0.000e+00
  9.0  8.0  2.2743114e-01  7.529e-05  0.000e+00
  9.0  9.0  2.2747534e-01  8.327e-05  0.000e+00
  9.0 10.0  2.2758287e-01  6.614e-05  0.000e+00
  9.0  9.0  2.2780112e-01  4.537e-03  0.000e+00
  9.0  8.0  2.2784486e-01  3.548e-05  0.000e+00
  9.0  9.0  2.2792323e-01  2.563e-03  0.000e+00
  9.0  8.0  2.2813236e-01  1.215e-04  0.000e+00
  9.0 10.0  2.2816699e-01  1.836e-03  0.000e+00
  9.0 10.0  2.2819068e-01  2.863e-07  0.000e+00
  9.0  8.0  2.2819797e-01  1.737e-05  0.000e+00
  9.0  9.0  2.2829821e-01  1.661e-03  0.000e+00
  9.0  8.0  2.2840756e-01  5.749e-04  0.000e+00
  9.0  9.0  2.2841030e-01  1.425e-06  0.000e+00
  9.0  8.0  2.2863902e-01  1.389e-05  0.000e+00
  9.0  9.0  2.2866819e-01  2.144e-04  0.000e+00
  9.0 10.0  2.2869416e-01  2.320e-03  0.000e+00
  9.0  8.0  2.2876569e-01  3.255e-04  0.000e+00
  9.0 10.0  2.2885272e-01  9.555e-05  0.000e+00
  9.0  9.0  2.2905912e-01  3.297e-04  0.000e+00
  9.0  9.0  2.2920310e-01  1.779e-04  0.000e+00
  9.0  8.0  2.2932020e-01  3.691e-04  0.000e+00
  9.0 10.0  2.2937168e-01  6.464e-04  0.000e+00
  9.0  8.0  2.2942271e-01  9.321e-04  0.000e+00
  9.0 10.0  2.2949243e-01  1.555e-04  0.000e+00
  9.0  8.0  2.2960087e-01  7.511e-04  0.000e+00
  9.0  9.0  2.2974576e-01  1.108e-04  0.000e+00
  9.0  9.0  2.2983916e-01  2.617e-04  0.000e+00
  9.0  8.0  2.3010161e-01  4.387e-04  0.000e+00
  9.0 10.0  2.3022508e-01  1.577e-03  0.000e+00
  9.0  9.0  2.3024149e-01  3.279e-06  0.000e+00
  9.0  8.0  2.3028523e-01  8.754e-05  0.000e+00
  9.0  9.0  2.3028659e-01  6.192e-05  0.000e+00
  9.0  9.0  2.3048525e-01  2.124e-06  0.000e+00
  9.0 10.0  2.3060462e-01  5.773e-04  0.000e+00
  9.0  8.0  2.3072856e-01  9.488e-06  0.000e+00
  9.0 10.0  2.3078597e-01  6.000e-04  0.000e+00
  9.0  8.0  2.3090261e-01  1.662e-04  0.000e+00
  9.0  9.0  2.3092767e-01  4.644e-03  0.000e+00
  9.0  8.0  2.3101105e-01  2.070e-05  0.000e+00
  9.0  9.0  2.3119011e-01  5.200e-04  0.000e+00
  9.0 10.0  2.3126119e-01  1.008e-04  0.000e+00
  9.0  9.0  2.3129992e-01  3.777e-04  0.000e+00
  9.0  8.0  2.3140472e-01  7.242e-05  0.000e+00
  9.0  8.0  2.3167673e-01  1.826e-08  0.000e+00
  9.0  9.0  2.3173915e-01  5.422e-04  0.000e+00
  9.0 10.0  2.3177515e-01  3.756e-04  0.000e+00
  9.0  9.0  2.3203167e-01  6.278e-05  0.000e+00
  9.0  8.0  2.3220207e-01  4.602e-03  0.000e+00
  9.0  8.0  2.3228363e-01  3.087e-04  0.000e+00
  9.0  9.0  2.3249732e-01  1.236e-04  0.000e+00
  9.0 10.0  2.3266910e-01  4.110e-05  0.000e+00
  9.0  8.0  2.3266910e-01  4.923e-04  0.000e+00
  9.0  8.0  2.3276842e-01  2.478e-04  0.000e+00
  9.0  8.0  2.3292061e-01  9.289e-05  0.000e+00
  9.0 10.0  2.3297209e-01  3.695e-07  0.000e+00
  9.0  9.0  2.3313293e-01  2.481e-04  0.000e+00
  9.0 10.0  2.3321130e-01  2.013e-06  0.000e+00
  9.0  8.0  2.3329149e-01  7.396e-04  0.000e+00
  9.0  9.0  2.3338262e-01  1.600e-04  0.000e+00
  9.0  8.0  2.3362729e-01  7.958e-04  0.000e+00
  9.0  9.0  2.3390341e-01  5.036e-04  0.000e+00
  9.0 10.0  2.3391161e-01  3.559e-07  0.000e+00
  9.0  9.0  2.3416950e-01  8.176e-05  0.000e+00
  9.0  8.0  2.3421870e-01  1.833e-04  0.000e+00
  9.0  8.0  2.3443240e-01  3.796e-04  0.000e+00
  9.0  8.0  2.3457410e-01  3.909e-04  0.000e+00
  9.0  9.0  2.3465110e-01  5.552e-04  0.000e+00
  9.0 10.0  2.3480465e-01  7.488e-04  0.000e+00
  9.0  9.0  2.3483791e-01  2.221e-04  0.000e+00
  9.0 10.0  2.3489122e-01  1.190e-03  0.000e+00
  9.0  8.0  2.3500968e-01  6.366e-06  0.000e+00
  9.0  9.0  2.3507939e-01  1.092e-03  0.000e+00
  9.0  9.0  2.3531450e-01  3.418e-04  0.000e+00
  9.0  8.0  2.3547944e-01  6.031e-05  0.000e+00
  9.0 10.0  2.3552136e-01  3.010e-05  0.000e+00
  9.0  8.0  2.3580658e-01  4.608e-04  0.000e+00
  9.0  8.0  2.3591001e-01  9.585e-04  0.000e+00
  9.0  9.0  2.3591229e-01  6.934e-04  0.000e+00
  9.0 10.0  2.3603805e-01  1.327e-04  0.000e+00
  9.0  9.0  2.3606812e-01  8.574e-04  0.000e+00
  9.0  8.0  2.3617838e-01  7.269e-04  0.000e+00
  9.0  8.0  2.3649732e-01  1.017e-03  0.000e+00
  9.0  8.0  2.3662126e-01  3.904e-04  0.000e+00
  9.0 10.0  2.3680123e-01  9.022e-04  0.000e+00
  9.0  9.0  2.3686046e-01  5.856e-04  0.000e+00
  9.0  8.0  2.3692015e-01  6.150e-04  0.000e+00
  9.0  9.0  2.3695615e-01  8.358e-04  0.000e+00
  9.0 10.0  2.3713658e-01  2.264e-03  0.000e+00
  9.0  8.0  2.3717394e-01  7.066e-04  0.000e+00
  9.0  8.0  2.3728192e-01  3.002e-02  0.000e+00
  9.0  9.0  2.3748195e-01  3.001e-04  0.000e+00
  9.0  8.0  2.3750837e-01  1.791e-04  0.000e+00
  9.0  8.0  2.3788245e-01  5.509e-04  0.000e+00
  9.0 10.0  2.3788336e-01  8.604e-05  0.000e+00
  9.0  9.0  2.3794532e-01  2.522e-05  0.000e+00
  9.0  9.0  2.3803554e-01  5.076e-04  0.000e+00
  9.0  9.0  2.3820412e-01  7.002e-05  0.000e+00
  9.0  8.0  2.3820959e-01  1.737e-02  0.000e+00
  9.0 10.0  2.3831165e-01  3.292e-05  0.000e+00
  9.0  8.0  2.3860690e-01  5.573e-03  0.000e+00
  9.0  9.0  2.3895865e-01  6.566e-04  0.000e+00
  9.0  8.0  2.3898553e-01  2.065e-03  0.000e+00
  9.0 10.0  2.3904158e-01  1.058e-04  0.000e+00
  9.0  8.0  2.3933181e-01  2.036e-03  0.000e+00
  9.0 10.0  2.3944299e-01  9.166e-04  0.000e+00
  9.0  8.0  2.3954733e-01  1.796e-04  0.000e+00
  9.0  9.0  2.3956601e-01  2.778e-04  0.000e+00
  9.0  8.0  2.3963117e-01  3.843e-04  0.000e+00
  9.0  8.0  2.3986126e-01  2.029e-03  0.000e+00
  9.0  9.0  2.3996469e-01  3.712e-03  0.000e+00
  9.0  8.0  2.4014193e-01  2.231e-03  0.000e+00
  9.0  9.0  2.4024809e-01  2.322e-03  0.000e+00
  9.0 10.0  2.4027452e-01  5.822e-04  0.000e+00
  9.0 10.0  2.4058754e-01  1.432e-04  0.000e+00
  9.0  8.0  2.4069826e-01  6.760e-04  0.000e+00
  9.0  9.0  2.4070646e-01  4.791e-03  0.000e+00
  9.0  9.0  2.4079348e-01  5.473e-03  0.000e+00
  9.0  8.0  2.4081034e-01  1.912e-04  0.000e+00
  9.0 10.0  2.4082356e-01  3.418e-04  0.000e+00
  9.0  8.0  2.4131382e-01  7.035e-03  0.000e+00
  9.0  9.0  2.4145096e-01  2.413e-04  0.000e+00
  9.0  8.0  2.4150473e-01  1.490e-03  0.000e+00
  9.0  8.0  2.4173801e-01  1.629e-04  0.000e+00
  9.0 10.0  2.4174986e-01  3.584e-07  0.000e+00
  9.0  9.0  2.4179269e-01  7.532e-04  0.000e+00
  9.0  9.0  2.4196264e-01  5.513e-06  0.000e+00
  9.0 10.0  2.4200957e-01  4.965e-04  0.000e+00
  9.0  8.0  2.4218453e-01  3.651e-03  0.000e+00
  9.0 10.0  2.4248069e-01  5.523e-04  0.000e+00
  9.0  8.0  2.4249618e-01  1.983e-03  0.000e+00
  9.0  8.0  2.4262148e-01  3.222e-03  0.000e+00
  9.0  9.0  2.4276774e-01  2.428e-03  0.000e+00
  9.0 10.0  2.4283609e-01  4.490e-05  0.000e+00
  9.0  8.0  2.4300968e-01  1.189e-03  0.000e+00
  9.0  8.0  2.4314911e-01  6.815e-04  0.000e+00
  9.0  9.0  2.4324297e-01  3.127e-06  0.000e+00
  9.0  9.0  2.4360337e-01  2.648e-04  0.000e+00
  9.0  8.0  2.4369359e-01  1.135e-03  0.000e+00
  9.0  9.0  2.4373095e-01  1.459e-03  0.000e+00
  9.0 10.0  2.4389498e-01  3.086e-03  0.000e+00
  9.0  9.0  2.4392596e-01  5.645e-03  0.000e+00
  9.0  9.0  2.4406812e-01  2.339e-04  0.000e+00
  9.0 10.0  2.4414193e-01  1.161e-03  0.000e+00
  9.0  8.0  2.4418658e-01  1.594e-03  0.000e+00
  9.0  8.0  2.4432054e-01  5.402e-04  0.000e+00
  9.0  9.0  2.4454835e-01  1.656e-03  0.000e+00
  9.0  8.0  2.4462080e-01  8.992e-05  0.000e+00
  9.0  9.0  2.4498941e-01  1.838e-03  0.000e+00
  9.0  8.0  2.4507643e-01  3.605e-05  0.000e+00
  9.0  8.0  2.4523271e-01  6.211e-04  0.000e+00
  9.0 10.0  2.4531473e-01  6.477e-05  0.000e+00
  9.0  8.0  2.4543228e-01  2.202e-04  0.000e+00
  9.0  9.0  2.4543274e-01  2.169e-02  0.000e+00
  9.0  8.0  2.4588883e-01  1.533e-05  0.000e+00
  9.0  9.0  2.4601640e-01  7.892e-03  0.000e+00
  9.0 10.0  2.4603918e-01  3.645e-03  0.000e+00
  9.0  8.0  2.4622280e-01  2.512e-04  0.000e+00
  9.0 10.0  2.4649573e-01  5.301e-09  0.000e+00
  9.0  8.0  2.4659232e-01  4.175e-03  0.000e+00
  9.0  9.0  2.4663971e-01  1.059e-03  0.000e+00
  9.0 10.0  2.4675362e-01  3.112e-04  0.000e+00
  9.0  8.0  2.4689532e-01  5.232e-03  0.000e+00
  9.0  8.0  2.4728169e-01  4.484e-03  0.000e+00
  9.0 10.0  2.4735186e-01  8.352e-03  0.000e+00
  9.0  9.0  2.4741747e-01  3.152e-04  0.000e+00
  9.0  8.0  2.4742340e-01  2.324e-03  0.000e+00
  9.0  9.0  2.4786809e-01  1.680e-05  0.000e+00
  9.0 10.0  2.4794737e-01  3.785e-06  0.000e+00
  9.0  8.0  2.4809637e-01  4.477e-05  0.000e+00
  9.0  9.0  2.4827452e-01  8.967e-04  0.000e+00
  9.0  8.0  2.4829457e-01  8.693e-04  0.000e+00
  9.0 10.0  2.4833876e-01  2.897e-03  0.000e+00
  9.0  9.0  2.4853742e-01  5.893e-05  0.000e+00
  9.0  8.0  2.4854790e-01  7.878e-04  0.000e+00
  9.0  8.0  2.4882902e-01  8.862e-04  0.000e+00
  9.0  9.0  2.4887641e-01  5.636e-03  0.000e+00
  9.0 10.0  2.4905274e-01  9.002e-04  0.000e+00
  9.0  8.0  2.4914250e-01  5.978e-05  0.000e+00
  9.0  9.0  2.4921859e-01  2.969e-04  0.000e+00
  9.0  9.0  2.4924502e-01  4.602e-05  0.000e+00
  9.0  8.0  2.4954710e-01  3.719e-04  0.000e+00
  9.0 10.0  2.4955439e-01  3.661e-03  0.000e+00
  9.0  9.0  2.4966511e-01  2.133e-03  0.000e+00
  9.0  8.0  2.4983597e-01  1.169e-03  0.000e+00
  9.0 10.0  2.4988108e-01  2.976e-04  0.000e+00
  9.0 10.0  2.4992801e-01  2.285e-03  0.000e+00
  9.0  8.0  2.4999089e-01  2.869e-03  0.000e+00
  9.0  8.0  2.5018271e-01  7.969e-05  0.000e+00
  9.0  9.0  2.5039777e-01  1.625e-05  0.000e+00
  9.0  9.0  2.5057956e-01  2.471e-04  0.000e+00
  9.0  8.0  2.5077822e-01  6.700e-03  0.000e+00
  9.0  9.0  2.5084657e-01  2.225e-03  0.000e+00
  9.0 10.0  2.5094270e-01  4.208e-03  0.000e+00
  9.0  8.0  2.5094908e-01  3.157e-03  0.000e+00
  9.0  8.0  2.5111129e-01  7.624e-04  0.000e+00
  9.0  9.0  2.5114637e-01  1.702e-04  0.000e+00
  9.0 10.0  2.5141565e-01  2.836e-04  0.000e+00
  9.0  8.0  2.5177104e-01  1.367e-03  0.000e+00
  9.0  9.0  2.5177332e-01  6.021e-05  0.000e+00
  9.0 10.0  2.5181433e-01  4.044e-04  0.000e+00
  9.0  8.0  2.5191958e-01  4.437e-03  0.000e+00
  9.0  9.0  2.5212507e-01  2.246e-03  0.000e+00
  9.0 10.0  2.5213874e-01  3.608e-04  0.000e+00
  9.0  8.0  2.5244310e-01  1.285e-03  0.000e+00
  9.0  9.0  2.5247409e-01  1.259e-03  0.000e+00
  9.0 10.0  2.5252421e-01  7.407e-04  0.000e+00
  9.0  8.0  2.5260030e-01  4.862e-03  0.000e+00
  9.0  8.0  2.5284588e-01  6.699e-03  0.000e+00
  9.0  9.0  2.5285499e-01  2.927e-03  0.000e+00
  9.0  9.0  2.5304818e-01  2.276e-03  0.000e+00
  9.0 10.0  2.5325869e-01  3.771e-06  0.000e+00
  9.0  8.0  2.5327053e-01  2.240e-03  0.000e+00
  9.0  9.0  2.5339036e-01  8.403e-03  0.000e+00
  9.0  9.0  2.5346691e-01  1.716e-03  0.000e+00
  9.0  8.0  2.5364005e-01  4.499e-04  0.000e+00
  9.0  8.0  2.5394396e-01  5.136e-04  0.000e+00
  9.0  9.0  2.5402278e-01  1.440e-04  0.000e+00
  9.0 10.0  2.5414125e-01  3.350e-04  0.000e+00
  9.0  8.0  2.5430208e-01  2.245e-03  0.000e+00
  9.0  9.0  2.5449892e-01  1.555e-03  0.000e+00
  9.0 10.0  2.5456681e-01  1.095e-03  0.000e+00
  9.0  9.0  2.5495273e-01  3.115e-06  0.000e+00
  9.0  8.0  2.5502381e-01  7.059e-03  0.000e+00
  9.0  9.0  2.5560383e-01  6.476e-05  0.000e+00
  9.0  8.0  2.5560383e-01  1.980e-03  0.000e+00
  9.0  8.0  2.5565623e-01  1.407e-03  0.000e+00
  9.0 10.0  2.5569769e-01  2.406e-03  0.000e+00
  9.0 10.0  2.5584212e-01  5.646e-05  0.000e+00
  9.0  8.0  2.5593917e-01  2.273e-03  0.000e+00
  9.0  8.0  2.5613920e-01  8.661e-04  0.000e+00
  9.0  9.0  2.5629457e-01  4.730e-04  0.000e+00
  9.0  8.0  2.5634970e-01  6.744e-03  0.000e+00
  9.0  9.0  2.5662763e-01  9.425e-04  0.000e+00
  9.0  8.0  2.5681353e-01  5.333e-04  0.000e+00
  9.0  8.0  2.5701629e-01  4.120e-06  0.000e+00
  9.0  9.0  2.5714159e-01  7.579e-05  0.000e+00
  9.0  8.0  2.5748195e-01  3.112e-04  0.000e+00
  9.0  9.0  2.5755712e-01  3.626e-05  0.000e+00
  9.0  8.0  2.5761864e-01  2.129e-04  0.000e+00
  9.0  9.0  2.5764643e-01  5.760e-04  0.000e+00
  9.0  9.0  2.5784827e-01  2.337e-07  0.000e+00
  9.0  8.0  2.5829935e-01  2.620e-04  0.000e+00
  9.0 10.0  2.5830846e-01  2.127e-04  0.000e+00
  9.0 10.0  2.5850666e-01  7.294e-04  0.000e+00
  9.0  9.0  2.5886479e-01  7.860e-04  0.000e+00
  9.0  8.0  2.5891673e-01  2.452e-05  0.000e+00
  9.0  9.0  2.5905160e-01  7.942e-06  0.000e+00
  9.0  8.0  2.5938512e-01  5.985e-04  0.000e+00
  9.0  8.0  2.5943980e-01  2.975e-04  0.000e+00
  9.0  9.0  2.5962205e-01  5.667e-04  0.000e+00
  9.0 10.0  2.5962524e-01  3.281e-03  0.000e+00
  9.0 10.0  2.5989407e-01  5.974e-03  0.000e+00
  9.0  8.0  2.5990637e-01  6.189e-05  0.000e+00
  9.0  8.0  2.6019114e-01  8.422e-05  0.000e+00
  9.0  9.0  2.6033147e-01  3.151e-03  0.000e+00
  9.0  9.0  2.6050963e-01  2.120e-04  0.000e+00
  9.0  8.0  2.6051555e-01  1.833e-04  0.000e+00
  9.0  9.0  2.6057934e-01  1.088e-03  0.000e+00
  9.0  8.0  2.6091240e-01  6.628e-06  0.000e+00
  9.0  9.0  2.6100490e-01  2.378e-03  0.000e+00
  9.0  9.0  2.6115617e-01  2.651e-03  0.000e+00
  9.0  8.0  2.6119490e-01  1.663e-03  0.000e+00
  9.0  9.0  2.6178221e-01  8.058e-03  0.000e+00
  9.0  8.0  2.6178676e-01  7.459e-04  0.000e+00
  9.0 10.0  2.6186559e-01  1.492e-04  0.000e+00
  9.0  8.0  2.6195626e-01  9.327e-06  0.000e+00
  9.0  8.0  2.6225607e-01  3.797e-05  0.000e+00
  9.0  8.0  2.6238638e-01  5.239e-04  0.000e+00
  9.0 10.0  2.6240961e-01  5.079e-03  0.000e+00
  9.0  9.0  2.6316824e-01  6.734e-04  0.000e+00
  9.0  8.0  2.6336872e-01  1.638e-03  0.000e+00
  9.0 10.0  2.6365987e-01  7.533e-05  0.000e+00
  9.0  8.0  2.6380112e-01  5.175e-03  0.000e+00
  9.0  9.0  2.6403850e-01  1.832e-03  0.000e+00
  9.0  8.0  2.6417565e-01  5.151e-03  0.000e+00
  9.0 10.0  2.6440574e-01  1.067e-06  0.000e+00
  9.0  9.0  2.6440665e-01  8.364e-04  0.000e+00
  9.0  8.0  2.6476660e-01  1.032e-05  0.000e+00
  9.0 10.0  2.6506049e-01  3.507e-05  0.000e+00
  9.0  9.0  2.6516300e-01  1.145e-03  0.000e+00
  9.0  8.0  2.6523180e-01  1.382e-03  0.000e+00
  9.0 10.0  2.6527919e-01  1.675e-07  0.000e+00
  9.0  9.0  2.6551931e-01  2.295e-05  0.000e+00
  9.0  8.0  2.6562046e-01  9.892e-05  0.000e+00
  9.0  8.0  2.6581775e-01  1.282e-03  0.000e+00
  9.0 10.0  2.6606516e-01  8.825e-04  0.000e+00
  9.0  8.0  2.6609614e-01  1.125e-04  0.000e+00
  9.0 10.0  2.6641964e-01  4.297e-05  0.000e+00
  9.0  9.0  2.6666431e-01  3.795e-05  0.000e+00
  9.0  8.0  2.6676501e-01  1.302e-03  0.000e+00
  9.0  9.0  2.6694362e-01  6.243e-04  0.000e+00
  9.0  8.0  2.6721062e-01  1.190e-03  0.000e+00
  9.0  8.0  2.6768721e-01  1.563e-03  0.000e+00
  9.0  9.0  2.6773140e-01  7.087e-07  0.000e+00
  9.0  8.0  2.6796059e-01  1.136e-06  0.000e+00
  9.0  9.0  2.6827042e-01  3.499e-06  0.000e+00
  9.0  8.0  2.6829548e-01  5.527e-04  0.000e+00
  9.0 10.0  2.6851464e-01  3.045e-04  0.000e+00
  9.0  8.0  2.6875293e-01  3.497e-04  0.000e+00
  9.0  9.0  2.6892197e-01  2.880e-05  0.000e+00
  9.0  8.0  2.6917622e-01  5.041e-04  0.000e+00
  9.0  9.0  2.6975441e-01  2.903e-05  0.000e+00
  9.0  8.0  2.6997813e-01  1.040e-04  0.000e+00
  9.0  8.0  2.7042465e-01  9.707e-05  0.000e+00
  9.0  8.0  2.7048570e-01  4.019e-06  0.000e+00
  9.0  9.0  2.7065930e-01  1.130e-04  0.000e+00
  9.0  8.0  2.7082652e-01  3.970e-05  0.000e+00
  9.0 10.0  2.7102517e-01  3.332e-06  0.000e+00
  9.0  9.0  2.7110947e-01  1.526e-06  0.000e+00
  9.0  8.0  2.7129081e-01  1.452e-05  0.000e+00
  9.0  9.0  2.7162069e-01  9.425e-05  0.000e+00
  9.0 10.0  2.7192915e-01  1.028e-05  0.000e+00
  9.0  8.0  2.7193826e-01  1.397e-05  0.000e+00
  9.0  9.0  2.7222668e-01  3.963e-06  0.000e+00
  9.0  8.0  2.7274063e-01  2.606e-05  0.000e+00
  9.0  9.0  2.7305730e-01  9.867e-06  0.000e+00
  9.0  8.0  2.7337077e-01  3.689e-05  0.000e+00
  9.0  8.0  2.7387971e-01  6.452e-06  0.000e+00
  9.0  9.0  2.7390842e-01  9.145e-05  0.000e+00
  9.0  8.0  2.7443148e-01  5.151e-05  0.000e+00
  9.0  9.0  2.7492812e-01  1.661e-05  0.000e+00
  9.0  8.0  2.7508805e-01  1.076e-05  0.000e+00
  9.0  9.0  2.7540563e-01  7.108e-05  0.000e+00
  9.0 10.0  2.7540973e-01  8.173e-07  0.000e+00
  9.0  8.0  2.7578152e-01  4.266e-06  0.000e+00
  9.0  8.0  2.7628226e-01  3.403e-06  0.000e+00
  9.0  9.0  2.7644629e-01  2.715e-04  0.000e+00
  9.0  8.0  2.7688917e-01  7.259e-06  0.000e+00
  9.0  8.0  2.7743775e-01  3.638e-05  0.000e+00
  9.0 10.0  2.7872765e-01  8.850e-07  0.000e+00
  9.0  8.0  2.7891582e-01  9.487e-07  0.000e+00
  9.0  9.0  2.7919057e-01  5.463e-05  0.000e+00
  9.0  8.0  2.7981661e-01  2.014e-06  0.000e+00
  9.0 10.0  2.8016107e-01  3.387e-05  0.000e+00
  9.0  9.0  2.8029411e-01  1.336e-06  0.000e+00
  9.0  8.0  2.8037977e-01  5.595e-05  0.000e+00
  9.0  8.0  2.8103315e-01  9.449e-05  0.000e+00
  9.0  9.0  2.8136075e-01  6.649e-05  0.000e+00
  9.0  8.0  2.8196309e-01  9.998e-07  0.000e+00
  9.0 10.0  2.8265383e-01  8.515e-04  0.000e+00
  9.0  8.0  2.8301424e-01  4.492e-05  0.000e+00
  9.0  9.0  2.8364164e-01  7.646e-07  0.000e+00
  9.0  8.0  2.8368903e-01  2.750e-04  0.000e+00
  9.0  9.0  2.8440027e-01  3.252e-05  0.000e+00
  9.0  8.0  2.8494749e-01  1.441e-04  0.000e+00
  9.0  9.0  2.8509921e-01  2.806e-04  0.000e+00
  9.0  8.0  2.8529741e-01  9.158e-03  0.000e+00
  9.0 10.0  2.8541588e-01  1.134e-06  0.000e+00
  9.0  9.0  2.8561864e-01  5.180e-04  0.000e+00
  9.0  8.0  2.8572389e-01  1.535e-02  0.000e+00
  9.0  8.0  2.8610890e-01  2.551e-08  0.000e+00
  9.0 10.0  2.8623830e-01  7.712e-05  0.000e+00
  9.0  9.0  2.8674724e-01  3.656e-04  0.000e+00
  9.0  9.0  2.8711949e-01  2.496e-03  0.000e+00
  9.0 10.0  2.8729673e-01  5.260e-04  0.000e+00
  9.0  8.0  2.8825402e-01  8.949e-05  0.000e+00
  9.0  8.0  2.8847728e-01  1.428e-06  0.000e+00
  9.0  8.0  2.8894840e-01  2.550e-06  0.000e+00
  9.0  8.0  2.8896571e-01  1.307e-03  0.000e+00
  9.0  9.0  2.8901902e-01  1.262e-03  0.000e+00
  9.0  9.0  2.8941041e-01  1.430e-03  0.000e+00
  9.0  8.0  2.8997494e-01  1.016e-04  0.000e+00
  9.0  8.0  2.9052808e-01  1.894e-04  0.000e+00
  9.0  9.0  2.9059961e-01  2.381e-01  0.000e+00
  9.0  9.0  2.9100148e-01  8.311e-03  0.000e+00
  9.0  8.0  2.9105752e-01  5.796e-04  0.000e+00
  9.0  8.0  2.9185443e-01  4.682e-04  0.000e+00
  9.0 10.0  2.9210912e-01  5.906e-04  0.000e+00
  9.0  9.0  2.9215788e-01  5.706e-06  0.000e+00
  9.0 10.0  2.9270783e-01  1.075e-03  0.000e+00
  9.0  8.0  2.9316255e-01  3.753e-03  0.000e+00
  9.0  8.0  2.9338763e-01  2.545e-03  0.000e+00
  9.0  9.0  2.9402460e-01  3.106e-02  0.000e+00
  9.0 10.0  2.9428113e-01  8.726e-04  0.000e+00
  9.0  8.0  2.9440825e-01  3.944e-05  0.000e+00
  9.0  8.0  2.9522520e-01  1.309e-02  0.000e+00
  9.0  8.0  2.9531815e-01  1.129e-03  0.000e+00
  9.0  8.0  2.9593416e-01  2.071e-03  0.000e+00
  9.0  9.0  2.9632965e-01  2.172e-02  0.000e+00
  9.0  8.0  2.9670190e-01  4.621e-02  0.000e+00
  9.0 10.0  2.9685910e-01  1.914e-05  0.000e+00
  9.0  9.0  2.9687049e-01  7.066e-07  0.000e+00
  9.0  8.0  2.9719809e-01  2.244e-04  0.000e+00
  9.0  9.0  2.9850894e-01  6.288e-04  0.000e+00
  9.0  8.0  2.9892812e-01  2.289e-03  0.000e+00
  9.0 10.0  2.9898781e-01  2.363e-03  0.000e+00
  9.0  9.0  2.9994692e-01  4.071e-03  0.000e+00
  9.0  8.0  3.0007176e-01  2.296e-03  0.000e+00
  9.0  9.0  3.0017975e-01  2.879e-04  0.000e+00
  9.0 10.0  3.0034651e-01  2.695e-05  0.000e+00
  9.0  8.0  3.0034788e-01  3.575e-05  0.000e+00
  9.0  9.0  3.0048730e-01  1.030e-03  0.000e+00
  9.0  8.0  3.0075749e-01  5.239e-03  0.000e+00
  9.0 10.0  3.0158720e-01  3.458e-03  0.000e+00
  9.0 10.0  3.0168425e-01  3.233e-04  0.000e+00
  9.0  8.0  3.0177173e-01  1.562e-04  0.000e+00
  9.0  9.0  3.0190386e-01  2.691e-05  0.000e+00
  9.0  8.0  3.0221734e-01  1.142e-03  0.000e+00
  9.0  9.0  3.0230846e-01  6.426e-03  0.000e+00
  9.0  8.0  3.0268208e-01  1.329e-03  0.000e+00
  9.0  8.0  3.0314090e-01  4.979e-04  0.000e+00
  9.0  9.0  3.0326256e-01  1.012e-03  0.000e+00
  9.0  8.0  3.0390500e-01  2.037e-04  0.000e+00
  9.0  9.0  3.0394145e-01  1.077e-02  0.000e+00
  9.0 10.0  3.0395968e-01  1.791e-04  0.000e+00
  9.0  8.0  3.0441759e-01  2.611e-03  0.000e+00
  9.0 10.0  3.0466363e-01  1.351e-04  0.000e+00
  9.0  8.0  3.0491468e-01  4.012e-08  0.000e+00
  9.0 10.0  3.0535072e-01  3.039e-04  0.000e+00
  9.0  8.0  3.0549880e-01  4.515e-03  0.000e+00
  9.0  9.0  3.0591799e-01  3.628e-05  0.000e+00
  9.0  9.0  3.0628204e-01  1.536e-03  0.000e+00
  9.0  9.0  3.0650666e-01  1.391e-03  0.000e+00
  9.0  8.0  3.0661237e-01  2.990e-06  0.000e+00
  9.0 10.0  3.0674769e-01  2.949e-05  0.000e+00
  9.0  8.0  3.0717189e-01  4.911e-05  0.000e+00
  9.0  9.0  3.0765850e-01  1.774e-02  0.000e+00
  9.0  8.0  3.0766944e-01  4.382e-05  0.000e+00
  9.0 10.0  3.0769040e-01  4.437e-05  0.000e+00
  9.0 10.0  3.0828135e-01  5.603e-03  0.000e+00
  9.0  9.0  3.0837157e-01  8.448e-03  0.000e+00
  9.0  9.0  3.0891559e-01  5.830e-03  0.000e+00
  9.0  8.0  3.0897938e-01  2.890e-05  0.000e+00
  9.0  8.0  3.0998588e-01  2.453e-03  0.000e+00
  9.0  9.0  3.0999818e-01  7.469e-06  0.000e+00
  9.0  8.0  3.1050347e-01  2.184e-06  0.000e+00
  9.0  8.0  3.1075225e-01  4.555e-04  0.000e+00
  9.0  9.0  3.1109625e-01  1.608e-04  0.000e+00
  9.0  8.0  3.1131222e-01  3.666e-05  0.000e+00
  9.0  9.0  3.1147352e-01  1.797e-03  0.000e+00
  9.0  9.0  3.1158059e-01  2.193e-03  0.000e+00
  9.0  8.0  3.1219296e-01  5.687e-04  0.000e+00
  9.0 10.0  3.1220617e-01  4.757e-03  0.000e+00
  9.0  9.0  3.1239207e-01  3.485e-03  0.000e+00
  9.0  8.0  3.1259984e-01  6.874e-05  0.000e+00
  9.0  8.0  3.1298850e-01  2.108e-04  0.000e+00
  9.0  9.0  3.1327919e-01  1.187e-03  0.000e+00
  9.0  8.0  3.1344322e-01  1.834e-04  0.000e+00
  9.0 10.0  3.1400319e-01  1.605e-04  0.000e+00
  9.0  9.0  3.1417770e-01  2.659e-03  0.000e+00
  9.0 10.0  3.1434172e-01  5.841e-04  0.000e+00
  9.0  8.0  3.1480282e-01  1.772e-08  0.000e+00
  9.0  9.0  3.1488302e-01  7.263e-04  0.000e+00
  9.0  8.0  3.1496139e-01  1.611e-04  0.000e+00
  9.0  8.0  3.1569951e-01  5.000e-04  0.000e+00
  9.0  8.0  3.1604716e-01  2.847e-07  0.000e+00
  9.0  8.0  3.1615286e-01  2.081e-04  0.000e+00
  9.0  9.0  3.1676159e-01  2.908e-03  0.000e+00
  9.0  8.0  3.1718715e-01  2.682e-04  0.000e+00
  9.0 10.0  3.1724775e-01  1.599e-03  0.000e+00
  9.0  8.0  3.1768379e-01  7.062e-04  0.000e+00
  9.0  9.0  3.1823738e-01  7.034e-05  0.000e+00
  9.0  8.0  3.1851395e-01  5.705e-05  0.000e+00
  9.0  8.0  3.1912268e-01  1.976e-04  0.000e+00
  9.0 10.0  3.1915959e-01  7.942e-05  0.000e+00
  9.0  8.0  3.1964666e-01  1.013e-04  0.000e+00
  9.0 10.0  3.1971181e-01  8.782e-03  0.000e+00
  9.0  9.0  3.2049778e-01  7.850e-05  0.000e+00
  9.0  8.0  3.2092653e-01  9.543e-05  0.000e+00
  9.0  9.0  3.2118123e-01  8.204e-04  0.000e+00
  9.0  9.0  3.2171523e-01  6.520e-04  0.000e+00
  9.0  8.0  3.2209295e-01  6.000e-06  0.000e+00
  9.0  9.0  3.2214899e-01  1.325e-04  0.000e+00
  9.0 10.0  3.2226518e-01  2.406e-04  0.000e+00
  9.0 10.0  3.2249618e-01  1.001e-05  0.000e+00
  9.0  8.0  3.2292858e-01  1.260e-04  0.000e+00
  9.0  9.0  3.2338239e-01  8.864e-03  0.000e+00
  9.0 10.0  3.2433648e-01  2.195e-06  0.000e+00
  9.0  8.0  3.2450006e-01  6.670e-05  0.000e+00
  9.0  8.0  3.2478164e-01  3.231e-04  0.000e+00
  9.0  8.0  3.2539856e-01  8.448e-07  0.000e+00
  9.0  9.0  3.2550290e-01  3.091e-04  0.000e+00
  9.0  9.0  3.2624285e-01  3.280e-05  0.000e+00
  9.0  8.0  3.2673676e-01  1.970e-05  0.000e+00
  9.0 10.0  3.2710719e-01  1.095e-05  0.000e+00
  9.0  8.0  3.2758013e-01  2.058e-05  0.000e+00
  9.0 10.0  3.2777925e-01  8.904e-05  0.000e+00
  9.0  9.0  3.2795102e-01  8.200e-05  0.000e+00
  9.0  9.0  3.2812006e-01  2.548e-04  0.000e+00
  9.0  8.0  3.2872787e-01  3.876e-05  0.000e+00
  9.0  8.0  3.2931610e-01  5.867e-08  0.000e+00
  9.0 10.0  3.3032760e-01  3.514e-05  0.000e+00
  9.0  9.0  3.3102836e-01  2.428e-05  0.000e+00
  9.0  8.0  3.3104294e-01  5.017e-05  0.000e+00
  9.0  8.0  3.3200706e-01  8.289e-06  0.000e+00
  9.0  9.0  3.3256977e-01  1.301e-05  0.000e+00
  9.0  8.0  3.3264267e-01  1.543e-04  0.000e+00
  9.0  8.0  3.3319900e-01  6.328e-05  0.000e+00
  9.0 10.0  3.3432942e-01  1.777e-06  0.000e+00
  9.0  9.0  3.3437499e-01  6.019e-07  0.000e+00
  9.0  8.0  3.3444424e-01  7.548e-06  0.000e+00
  9.0  9.0  3.3548217e-01  3.741e-06  0.000e+00
  9.0  9.0  3.3594145e-01  2.494e-05  0.000e+00
  9.0  9.0  3.3666910e-01  4.178e-06  0.000e+00
  9.0  8.0  3.3676113e-01  1.116e-04  0.000e+00
  9.0 10.0  3.3697665e-01  3.326e-06  0.000e+00
  9.0  8.0  3.3738034e-01  8.338e-07  0.000e+00
  9.0  8.0  3.3793439e-01  1.176e-04  0.000e+00
  9.0  8.0  3.3848844e-01  9.342e-04  0.000e+00
  9.0  9.0  3.3861875e-01  5.784e-06  0.000e+00
  9.0 10.0  3.3922975e-01  4.380e-05  0.000e+00
  9.0  8.0  3.3999886e-01  3.915e-04  0.000e+00
  9.0 10.0  3.4044174e-01  3.344e-05  0.000e+00
  9.0  9.0  3.4064267e-01  1.921e-04  0.000e+00
  9.0  8.0  3.4074792e-01  1.226e-04  0.000e+00
  9.0  9.0  3.4165372e-01  2.543e-07  0.000e+00
  9.0 10.0  3.4202870e-01  2.004e-06  0.000e+00
  9.0  8.0  3.4226746e-01  2.939e-04  0.000e+00
  9.0  9.0  3.4228158e-01  2.868e-06  0.000e+00
  9.0  9.0  3.4360702e-01  8.392e-05  0.000e+00
  9.0  9.0  3.4386308e-01  8.348e-06  0.000e+00
  9.0  8.0  3.4415469e-01  2.126e-04  0.000e+00
  9.0  8.0  3.4444493e-01  2.306e-05  0.000e+00
  9.0  9.0  3.4486866e-01  2.024e-04  0.000e+00
  9.0 10.0  3.4501902e-01  2.336e-04  0.000e+00
  9.0  8.0  3.4512108e-01  6.414e-06  0.000e+00
  9.0  9.0  3.4573710e-01  3.159e-05  0.000e+00
  9.0  8.0  3.4578676e-01  5.432e-06  0.000e+00
  9.0 10.0  3.4646657e-01  3.043e-04  0.000e+00
  9.0  8.0  3.4739697e-01  1.767e-05  0.000e+00
  9.0  8.0  3.4759335e-01  1.347e-05  0.000e+00
  9.0  8.0  3.4829457e-01  1.513e-06  0.000e+00
  9.0  9.0  3.4903224e-01  2.265e-05  0.000e+00
  9.0  8.0  3.4939811e-01  3.467e-05  0.000e+00
  9.0  8.0  3.4975533e-01  5.592e-04  0.000e+00
  9.0 10.0  3.5137145e-01  1.871e-05  0.000e+00
  9.0  9.0  3.5151407e-01  8.416e-04  0.000e+00
  9.0  9.0  3.5164073e-01  2.624e-06  0.000e+00
  9.0 10.0  3.5192004e-01  2.714e-05  0.000e+00
  9.0  8.0  3.5198610e-01  3.082e-05  0.000e+00
  9.0  8.0  3.5240620e-01  3.967e-04  0.000e+00
  9.0  8.0  3.5305775e-01  1.692e-04  0.000e+00
  9.0  9.0  3.5308463e-01  1.301e-03  0.000e+00
  9.0  9.0  3.5464153e-01  8.399e-06  0.000e+00
  9.0  8.0  3.5511311e-01  4.137e-06  0.000e+00
  9.0 10.0  3.5558834e-01  2.133e-05  0.000e+00
  9.0  8.0  3.5583438e-01  3.348e-05  0.000e+00
  9.0 10.0  3.5636838e-01  2.256e-05  0.000e+00
  9.0  9.0  3.5639025e-01  4.761e-04  0.000e+00
  9.0  8.0  3.5674382e-01  1.302e-05  0.000e+00
  9.0  9.0  3.5703041e-01  3.664e-05  0.000e+00
  9.0 10.0  3.5758036e-01  3.045e-05  0.000e+00
  9.0  8.0  3.5758127e-01  3.878e-05  0.000e+00
  9.0  9.0  3.5998246e-01  6.705e-05  0.000e+00
  9.0  8.0  3.6036929e-01  3.849e-06  0.000e+00
  9.0  8.0  3.6156396e-01  9.927e-05  0.000e+00
  9.0  9.0  3.6185967e-01  1.843e-06  0.000e+00
  9.0  8.0  3.6223055e-01  8.617e-06  0.000e+00
  9.0  9.0  3.6329263e-01  3.015e-06  0.000e+00
  9.0  8.0  3.6367172e-01  1.839e-05  0.000e+00
  9.0 10.0  3.6572252e-01  5.315e-06  0.000e+00
  9.0  9.0  3.6576626e-01  3.454e-06  0.000e+00
  9.0  8.0  3.6664153e-01  7.863e-06  0.000e+00
  9.0  8.0  3.6883449e-01  3.233e-06  0.000e+00
  9.0  9.0  3.6947511e-01  6.194e-06  0.000e+00
  9.0  8.0  3.7042784e-01  1.079e-07  0.000e+00
  9.0  9.0  3.7225948e-01  3.162e-05  0.000e+00
  9.0  9.0  3.7347420e-01  1.037e-04  0.000e+00
  9.0  8.0  3.7394760e-01  7.590e-07  0.000e+00
  9.0 10.0  3.7448753e-01  5.048e-04  0.000e+00
  9.0  8.0  3.7479007e-01  1.296e-04  0.000e+00
  9.0  8.0  3.7612780e-01  6.975e-05  0.000e+00
  9.0  8.0  3.7736940e-01  9.687e-07  0.000e+00
  9.0  8.0  3.7819866e-01  4.012e-02  0.000e+00
  9.0  9.0  3.7961841e-01  5.793e-03  0.000e+00
  9.0  8.0  3.8059209e-01  7.071e-03  0.000e+00
  9.0  9.0  3.8130015e-01  7.351e-05  0.000e+00
  9.0 10.0  3.8148012e-01  6.727e-04  0.000e+00
  9.0  8.0  3.8366169e-01  9.194e-03  0.000e+00
  9.0  8.0  3.8467639e-01  2.763e-05  0.000e+00
  9.0 10.0  3.8580134e-01  2.938e-03  0.000e+00
  9.0  9.0  3.8634400e-01  2.310e-02  0.000e+00
  9.0  8.0  3.8709944e-01  4.951e-03  0.000e+00
  9.0  8.0  3.8746850e-01  6.873e-06  0.000e+00
  9.0 10.0  3.8754049e-01  9.820e-06  0.000e+00
  9.0  9.0  3.8845358e-01  1.075e-05  0.000e+00
  9.0  9.0  3.8870190e-01  5.783e-03  0.000e+00
  9.0  8.0  3.8883221e-01  6.589e-03  0.000e+00
  9.0 10.0  3.8993667e-01  4.383e-03  0.000e+00
  9.0  9.0  3.9037863e-01  6.513e-05  0.000e+00
  9.0  8.0  3.9105114e-01  4.280e-03  0.000e+00
  9.0 10.0  3.9138330e-01  1.315e-03  0.000e+00
  9.0  9.0  3.9154915e-01  6.264e-06  0.000e+00
  9.0  9.0  3.9230687e-01  1.142e-03  0.000e+00
  9.0  8.0  3.9253605e-01  4.291e-04  0.000e+00
  9.0  8.0  3.9312837e-01  5.243e-03  0.000e+00
  9.0  9.0  3.9366283e-01  2.431e-02  0.000e+00
  9.0  8.0  3.9415719e-01  9.615e-03  0.000e+00
  9.0  9.0  3.9469074e-01  1.380e-03  0.000e+00
  9.0  9.0  3.9470714e-01  2.467e-04  0.000e+00
  9.0  8.0  3.9531222e-01  2.527e-03  0.000e+00
  9.0  8.0  3.9589908e-01  1.967e-03  0.000e+00
  9.0  8.0  3.9851988e-01  2.809e-04  0.000e+00
  9.0 10.0  3.9874678e-01  8.793e-04  0.000e+00
  9.0  8.0  3.9894225e-01  1.612e-03  0.000e+00
  9.0  8.0  3.9946805e-01  1.750e-05  0.000e+00
  9.0  8.0  3.9979656e-01  8.848e-05  0.000e+00
  9.0  8.0  3.9986217e-01  6.508e-04  0.000e+00
  9.0  9.0  3.9996241e-01  1.226e-03  0.000e+00
  9.0  9.0  4.0065178e-01  2.615e-02  0.000e+00
  9.0 10.0  4.0090284e-01  2.688e-04  0.000e+00
  9.0  9.0  4.0099032e-01  4.022e-03  0.000e+00
  9.0  8.0  4.0165691e-01  5.952e-04  0.000e+00
  9.0  8.0  4.0226563e-01  1.763e-03  0.000e+00
  9.0 10.0  4.0337829e-01  1.534e-04  0.000e+00
  9.0  8.0  4.0355006e-01  4.028e-03  0.000e+00
  9.0 10.0  4.0377879e-01  4.242e-03  0.000e+00
  9.0  9.0  4.0497756e-01  8.963e-03  0.000e+00
  9.0 10.0  4.0512929e-01  2.425e-08  0.000e+00
  9.0  8.0  4.0529833e-01  2.219e-04  0.000e+00
  9.0  8.0  4.0652945e-01  1.772e-04  0.000e+00
  9.0  8.0  4.0670213e-01  4.860e-04  0.000e+00
  9.0 10.0  4.0683335e-01  9.827e-04  0.000e+00
  9.0  9.0  4.0756054e-01  1.537e-02  0.000e+00
  9.0  9.0  4.0772776e-01  3.118e-02  0.000e+00
  9.0  8.0  4.0892425e-01  1.040e-04  0.000e+00
  9.0  8.0  4.0921631e-01  3.075e-04  0.000e+00
  9.0  9.0  4.0992983e-01  2.449e-05  0.000e+00
  9.0  8.0  4.1085477e-01  7.479e-03  0.000e+00
  9.0  9.0  4.1085522e-01  9.231e-05  0.000e+00
  9.0  9.0  4.1160474e-01  2.545e-05  0.000e+00
  9.0  8.0  4.1284634e-01  1.695e-04  0.000e+00
  9.0  9.0  4.1316984e-01  6.179e-05  0.000e+00
  9.0  9.0  4.1460736e-01  8.484e-04  0.000e+00
  9.0  8.0  4.1474177e-01  6.557e-07  0.000e+00
  9.0  8.0  4.1519011e-01  3.101e-06  0.000e+00
  9.0  9.0  4.1575373e-01  1.295e-06  0.000e+00
  9.0  8.0  4.1645632e-01  3.772e-04  0.000e+00
  9.0  8.0  4.1806333e-01  5.883e-05  0.000e+00
  9.0 10.0  4.1856180e-01  7.774e-06  0.000e+00
  9.0  8.0  4.1910263e-01  6.792e-05  0.000e+00
  9.0  8.0  4.1983119e-01  4.917e-05  0.000e+00
  9.0  9.0  4.2013464e-01  9.187e-04  0.000e+00
  9.0 10.0  4.2151293e-01  2.325e-04  0.000e+00
  9.0  8.0  4.2153617e-01  5.724e-07  0.000e+00
  9.0  8.0  4.2229571e-01  7.018e-05  0.000e+00
  9.0  8.0  4.2355097e-01  6.740e-05  0.000e+00
  9.0  9.0  4.2371045e-01  7.863e-06  0.000e+00
  9.0  8.0  4.2496662e-01  4.709e-09  0.000e+00
  9.0  9.0  4.2512017e-01  2.058e-04  0.000e+00
  9.0 10.0  4.2525641e-01  1.165e-04  0.000e+00
  9.0  8.0  4.2695911e-01  1.769e-04  0.000e+00
  9.0  9.0  4.2730630e-01  3.157e-04  0.000e+00
  9.0  8.0  4.2818430e-01  4.740e-07  0.000e+00
  9.0  8.0  4.2855428e-01  4.635e-08  0.000e+00
  9.0  9.0  4.2971842e-01  5.965e-04  0.000e+00
  9.0 10.0  4.3038820e-01  1.664e-04  0.000e+00
  9.0  9.0  4.3076729e-01  1.101e-03  0.000e+00
  9.0  8.0  4.3085887e-01  2.239e-04  0.000e+00
  9.0  8.0  4.3176330e-01  1.253e-04  0.000e+00
  9.0  8.0  4.3191913e-01  1.478e-04  0.000e+00
  9.0  9.0  4.3242442e-01  1.334e-03  0.000e+00
  9.0  8.0  4.3348878e-01  1.419e-05  0.000e+00
  9.0  8.0  4.3508258e-01  1.534e-04  0.000e+00
  9.0 10.0  4.3689828e-01  1.323e-04  0.000e+00
  9.0  9.0  4.3756624e-01  3.432e-04  0.000e+00
  9.0  9.0  4.3809067e-01  6.002e-04  0.000e+00
  9.0  8.0  4.3830208e-01  1.589e-04  0.000e+00
  9.0  8.0  4.3885203e-01  1.239e-05  0.000e+00
  9.0 10.0  4.3885386e-01  2.943e-06  0.000e+00
  9.0  8.0  4.4110240e-01  4.029e-04  0.000e+00
  9.0  8.0  4.4212484e-01  3.594e-04  0.000e+00
  9.0  8.0  4.4321426e-01  2.141e-05  0.000e+00
  9.0  9.0  4.4362023e-01  1.777e-04  0.000e+00
  9.0  8.0  4.4462080e-01  3.165e-05  0.000e+00
  9.0  9.0  4.4498348e-01  4.101e-04  0.000e+00
  9.0  9.0  4.4544823e-01  7.597e-04  0.000e+00
  9.0  8.0  4.4741930e-01  4.018e-05  0.000e+00
  9.0  9.0  4.4837111e-01  7.190e-05  0.000e+00
  9.0  8.0  4.5024012e-01  6.609e-07  0.000e+00
  9.0  8.0  4.5185351e-01  7.106e-05  0.000e+00
  9.0  8.0  4.5344549e-01  1.097e-06  0.000e+00
  9.0  8.0  4.5438091e-01  5.937e-05  0.000e+00
  9.0  8.0  4.5619387e-01  3.675e-07  0.000e+00
