8.0,7.0,3.8816312e-02,8.438e-04,2.025e-15
8.0,7.0,5.7660918e-02,5.281e-05,1.550e-15
8.0,7.0,6.5464449e-02,4.829e-02,4.645e-13
8.0,7.0,6.9232623e-02,6.022e-01,7.029e-12
8.0,7.0,7.6062741e-02,2.109e+00,3.210e-11
8.0,7.0,8.0591867e-02,1.712e-01,3.628e-12
8.0,7.0,8.3562137e-02,4.496e-01,9.982e-12
8.0,7.0,8.3990249e-02,7.983e-02,1.765e-12
8.0,7.0,8.5918852e-02,5.163e-01,1.159e-11
8.0,7.0,9.0705137e-02,7.434e-02,4.211e-12
8.0,7.0,9.3338193e-02,1.735e-01,5.820e-12
8.0,7.0,9.4618020e-02,2.704e-04,2.697e-11
8.0,7.0,9.8759677e-02,8.192e+00,2.764e-10
8.0,7.0,9.9252352e-02,4.760e+00,1.619e-10
8.0,7.0,1.0051846e-01,4.669e-02,2.056e-12
8.0,7.0,1.0698152e-01,1.057e-01,4.917e-12
8.0,7.0,1.1258216e-01,9.286e+01,4.639e-09
8.0,7.0,1.1348381e-01,4.648e+00,2.371e-10
8.0,7.0,1.2496676e-01,1.763e-03,4.346e-11
8.0,7.0,1.2682506e-01,7.125e-03,4.949e-09
8.0,7.0,1.4015583e-01,8.229e-03,1.862e-11
8.0,7.0,1.4115002e-01,1.968e-03,1.884e-12
8.0,7.0,1.4443695e-01,7.693e-01,1.721e-10
8.0,7.0,1.5357193e-01,6.020e+00,7.956e-10
8.0,7.0,1.5761841e-01,4.404e-01,3.249e-10
8.0,7.0,1.5873471e-01,8.164e-04,2.782e-11
8.0,7.0,1.6125026e-01,4.737e+00,6.988e-10
8.0,7.0,1.6211687e-01,5.586e-01,1.226e-10
8.0,7.0,1.6226222e-01,6.798e-02,1.892e-11
8.0,7.0,1.6643217e-01,1.380e+00,2.226e-10
8.0,7.0,1.6893633e-01,8.361e+00,1.409e-09
8.0,7.0,1.6945165e-01,4.591e-02,4.305e-11
8.0,7.0,1.6963390e-01,3.176e-01,6.050e-11
8.0,7.0,1.6992140e-01,1.578e-01,3.671e-11
8.0,7.0,1.7483996e-01,2.048e+00,5.851e-10
8.0,7.0,1.7584736e-01,5.283e-02,1.427e-11
8.0,7.0,1.7738467e-01,9.097e-05,6.070e-12
8.0,7.0,1.7826905e-01,7.905e-02,5.919e-11
8.0,7.0,1.7843581e-01,2.207e-02,1.040e-10
8.0,7.0,1.7986377e-01,2.979e-03,4.347e-11
8.0,7.0,1.8216380e-01,1.649e-01,1.484e-10
8.0,7.0,1.8441235e-01,7.233e-03,1.373e-11
8.0,7.0,1.8555280e-01,4.110e-02,5.044e-10
8.0,7.0,1.8642260e-01,7.494e-02,3.107e-10
8.0,7.0,1.8694977e-01,9.504e-04,2.900e-11
8.0,7.0,1.8925345e-01,1.149e-01,9.269e-10
8.0,7.0,1.9048320e-01,5.060e-03,2.700e-10
8.0,7.0,1.9065953e-01,1.620e-01,7.342e-10
8.0,7.0,1.9209842e-01,3.078e-03,4.238e-12
8.0,7.0,1.9331450e-01,5.443e-03,2.229e-10
8.0,7.0,1.9479121e-01,1.644e-01,4.287e-10
8.0,7.0,1.9522406e-01,1.107e-01,3.722e-10
8.0,7.0,1.9578312e-01,3.863e-03,4.843e-10
8.0,7.0,1.9628705e-01,7.239e-01,5.385e-10
8.0,7.0,1.9773961e-01,2.299e-01,4.752e-10
8.0,7.0,1.9963322e-01,3.094e-03,3.114e-11
8.0,7.0,1.9996993e-01,6.335e-01,3.602e-10
8.0,7.0,2.0054630e-01,2.178e-02,1.560e-11
8.0,7.0,2.0202574e-01,1.073e-05,1.468e-11
8.0,7.0,2.0238023e-01,3.092e-03,8.179e-10
8.0,7.0,2.0429024e-01,7.798e-02,2.576e-10
8.0,7.0,2.0566169e-01,7.751e-03,6.485e-10
8.0,7.0,2.0748103e-01,8.289e-04,2.030e-10
8.0,7.0,2.0811482e-01,3.081e-02,5.277e-10
8.0,7.0,2.0875635e-01,1.851e-03,1.030e-10
8.0,7.0,2.1061351e-01,1.028e-02,5.434e-10
8.0,7.0,2.1182823e-01,2.669e-03,4.907e-11
8.0,7.0,2.1288347e-01,8.031e-04,5.721e-11
8.0,7.0,2.1381570e-01,6.688e-02,3.292e-10
8.0,7.0,2.1440802e-01,5.650e-03,1.748e-10
8.0,7.0,2.1495250e-01,5.026e-04,1.339e-09
8.0,7.0,2.1672719e-01,1.376e-02,4.676e-10
8.0,7.0,2.1827361e-01,3.210e-02,4.424e-10
8.0,7.0,2.1874838e-01,6.549e-03,6.992e-11
8.0,7.0,2.1949151e-01,2.328e-03,7.280e-12
8.0,7.0,2.2047067e-01,7.440e-02,2.191e-10
8.0,7.0,2.2187812e-01,3.592e-03,2.642e-10
8.0,7.0,2.2263538e-01,2.356e-04,5.946e-11
8.0,7.0,2.2382094e-01,1.134e-03,9.590e-11
8.0,7.0,2.2386012e-01,1.883e-02,2.780e-10
8.0,7.0,2.2452808e-01,3.112e-02,2.543e-10
8.0,7.0,2.2522520e-01,4.904e-03,1.290e-11
8.0,7.0,2.2673835e-01,2.834e-04,1.471e-11
8.0,7.0,2.2698576e-01,6.957e-03,3.817e-10
8.0,7.0,2.2714068e-01,2.558e-04,3.110e-11
8.0,7.0,2.2808839e-01,7.187e-03,0.000e+00
8.0,7.0,2.2874086e-01,5.483e-04,0.000e+00
8.0,7.0,2.2982162e-01,3.801e-06,0.000e+00
8.0,7.0,2.3189794e-01,1.029e-03,0.000e+00
8.0,7.0,2.3356282e-01,8.843e-03,0.000e+00
8.0,7.0,2.3413145e-01,1.313e-02,0.000e+00
8.0,7.0,2.3470646e-01,8.844e-02,0.000e+00
8.0,7.0,2.3515161e-01,1.192e-01,0.000e+00
8.0,7.0,2.3608475e-01,9.426e-03,0.000e+00
8.0,7.0,2.3724479e-01,4.269e-02,0.000e+00
8.0,7.0,2.3929012e-01,3.330e-03,0.000e+00
8.0,7.0,2.4004966e-01,1.465e-04,0.000e+00
8.0,7.0,2.4027930e-01,5.047e-05,0.000e+00
8.0,7.0,2.4116733e-01,6.303e-07,0.000e+00
8.0,7.0,2.4154232e-01,5.305e-06,0.000e+00
8.0,7.0,2.4307871e-01,4.164e-03,0.000e+00
8.0,7.0,2.4471808e-01,6.020e-02,0.000e+00
8.0,7.0,2.4620572e-01,3.324e-02,0.000e+00
8.0,7.0,2.4750837e-01,7.997e-04,0.000e+00
8.0,7.0,2.4946577e-01,1.278e-03,0.000e+00
8.0,7.0,2.5077982e-01,5.275e-03,0.000e+00
8.0,7.0,2.5168607e-01,2.222e-02,0.000e+00
8.0,7.0,2.5303702e-01,2.799e-02,0.000e+00
8.0,7.0,2.5357376e-01,3.051e-04,0.000e+00
8.0,7.0,2.5498667e-01,1.785e-04,0.000e+00
8.0,7.0,2.5668527e-01,1.063e-02,0.000e+00
8.0,7.0,2.5787447e-01,2.535e-03,0.000e+00
8.0,7.0,2.5798155e-01,3.780e-06,0.000e+00
8.0,7.0,2.5828226e-01,5.624e-04,0.000e+00
8.0,7.0,2.5871375e-01,8.310e-03,0.000e+00
8.0,7.0,2.6196469e-01,6.904e-03,0.000e+00
8.0,7.0,2.6289145e-01,4.290e-03,0.000e+00
8.0,7.0,2.6398451e-01,2.158e-04,0.000e+00
8.0,7.0,2.6482287e-01,1.411e-02,0.000e+00
8.0,7.0,2.6522018e-01,7.781e-04,0.000e+00
8.0,7.0,2.6667274e-01,1.850e-03,0.000e+00
8.0,7.0,2.6826427e-01,1.976e-03,0.000e+00
8.0,7.0,2.6995148e-01,1.220e-03,0.000e+00
8.0,7.0,2.7082492e-01,1.373e-02,0.000e+00
8.0,7.0,2.7276273e-01,2.292e-02,0.000e+00
8.0,7.0,2.7464130e-01,1.797e-02,0.000e+00
8.0,7.0,2.7483176e-01,2.249e-02,0.000e+00
8.0,7.0,2.7497118e-01,2.916e-02,0.000e+00
8.0,7.0,2.7618134e-01,3.526e-04,0.000e+00
8.0,7.0,2.7634947e-01,6.153e-04,0.000e+00
8.0,7.0,2.7674952e-01,1.065e-04,0.000e+00
8.0,7.0,2.7798064e-01,2.153e-03,0.000e+00
8.0,7.0,2.7839253e-01,1.619e-04,0.000e+00
8.0,7.0,2.7997585e-01,1.054e-02,0.000e+00
8.0,7.0,2.8070213e-01,3.562e-02,0.000e+00
8.0,7.0,2.8231461e-01,8.405e-05,0.000e+00
8.0,7.0,2.8256430e-01,3.133e-03,0.000e+00
8.0,7.0,2.8332703e-01,8.572e-03,0.000e+00
8.0,7.0,2.8531496e-01,1.618e-02,0.000e+00
8.0,7.0,2.8580157e-01,5.710e-03,0.000e+00
8.0,7.0,2.8588176e-01,1.328e-04,0.000e+00
8.0,7.0,2.8721312e-01,1.369e-02,0.000e+00
8.0,7.0,2.8845108e-01,8.945e-04,0.000e+00
8.0,7.0,2.8880374e-01,1.697e-03,0.000e+00
8.0,7.0,2.8974371e-01,4.751e-04,0.000e+00
8.0,7.0,2.9153753e-01,2.319e-05,0.000e+00
8.0,7.0,2.9230755e-01,3.289e-08,0.000e+00
8.0,7.0,2.9335779e-01,2.012e-02,0.000e+00
8.0,7.0,2.9427589e-01,1.880e-04,0.000e+00
8.0,7.0,2.9440164e-01,1.644e-02,0.000e+00
8.0,7.0,2.9470008e-01,1.321e-02,0.000e+00
8.0,7.0,2.9651168e-01,4.020e-02,0.000e+00
8.0,7.0,2.9706618e-01,3.719e-04,0.000e+00
8.0,7.0,2.9835744e-01,5.083e-02,0.000e+00
8.0,7.0,3.0065793e-01,1.332e-02,0.000e+00
8.0,7.0,3.0125253e-01,1.025e-02,0.000e+00
8.0,7.0,3.0136006e-01,2.779e-03,0.000e+00
8.0,7.0,3.0199203e-01,7.110e-04,0.000e+00
8.0,7.0,3.0302768e-01,1.197e-05,0.000e+00
8.0,7.0,3.0477685e-01,9.302e-04,0.000e+00
8.0,7.0,3.0570634e-01,1.008e-02,0.000e+00
8.0,7.0,3.0691058e-01,2.266e-02,0.000e+00
8.0,7.0,3.0724547e-01,2.283e-04,0.000e+00
8.0,7.0,3.0825333e-01,3.599e-05,0.000e+00
8.0,7.0,3.0852261e-01,1.555e-05,0.000e+00
8.0,7.0,3.0925891e-01,5.786e-04,0.000e+00
8.0,7.0,3.0959790e-01,8.531e-04,0.000e+00
8.0,7.0,3.0981615e-01,6.049e-03,0.000e+00
8.0,7.0,3.1081627e-01,1.045e-04,0.000e+00
8.0,7.0,3.1159631e-01,5.379e-04,0.000e+00
8.0,7.0,3.1188655e-01,1.979e-03,0.000e+00
8.0,7.0,3.1322656e-01,8.098e-04,0.000e+00
8.0,7.0,3.1449596e-01,5.235e-07,0.000e+00
8.0,7.0,3.1527372e-01,2.394e-03,0.000e+00
8.0,7.0,3.1602688e-01,1.770e-04,0.000e+00
8.0,7.0,3.1888005e-01,2.025e-03,0.000e+00
8.0,7.0,3.1950655e-01,3.358e-06,0.000e+00
8.0,7.0,3.1976991e-01,2.912e-03,0.000e+00
8.0,7.0,3.2153958e-01,2.365e-04,0.000e+00
8.0,7.0,3.2232008e-01,7.613e-07,0.000e+00
8.0,7.0,3.2248183e-01,6.316e-06,0.000e+00
8.0,7.0,3.2316710e-01,4.504e-03,0.000e+00
8.0,7.0,3.2454539e-01,2.600e-06,0.000e+00
8.0,7.0,3.2532498e-01,1.825e-04,0.000e+00
8.0,7.0,3.2627680e-01,3.722e-05,0.000e+00
8.0,7.0,3.2889805e-01,9.237e-04,0.000e+00
8.0,7.0,3.3008634e-01,8.030e-04,0.000e+00
8.0,7.0,3.3496480e-01,1.927e-04,0.000e+00
8.0,7.0,3.3539538e-01,2.551e-05,0.000e+00
8.0,7.0,3.3581820e-01,5.064e-05,0.000e+00
8.0,7.0,3.3679326e-01,2.129e-05,0.000e+00
8.0,7.0,3.3763754e-01,2.779e-05,0.000e+00
8.0,7.0,3.3848183e-01,1.014e-04,0.000e+00
8.0,7.0,3.3998496e-01,1.685e-04,0.000e+00
8.0,7.0,3.4075726e-01,5.507e-04,0.000e+00
8.0,7.0,3.4287185e-01,6.507e-04,0.000e+00
8.0,7.0,3.4329286e-01,2.795e-05,0.000e+00
8.0,7.0,3.4405741e-01,6.824e-05,0.000e+00
8.0,7.0,3.4526028e-01,2.350e-03,0.000e+00
8.0,7.0,3.4549220e-01,1.923e-04,0.000e+00
8.0,7.0,3.4702950e-01,2.477e-03,0.000e+00
8.0,7.0,3.4916277e-01,3.903e-04,0.000e+00
8.0,7.0,3.4922429e-01,2.858e-03,0.000e+00
8.0,7.0,3.5109010e-01,7.324e-04,0.000e+00
8.0,7.0,3.5219410e-01,9.733e-04,0.000e+00
8.0,7.0,3.5307028e-01,9.291e-03,0.000e+00
8.0,7.0,3.5319467e-01,3.520e-04,0.000e+00
8.0,7.0,3.5669211e-01,1.786e-08,0.000e+00
8.0,7.0,3.5700877e-01,1.672e-04,0.000e+00
8.0,7.0,3.5989703e-01,2.628e-03,0.000e+00
8.0,7.0,3.6040642e-01,5.183e-06,0.000e+00
8.0,7.0,3.6189042e-01,9.218e-04,0.000e+00
8.0,7.0,3.6381911e-01,4.581e-04,0.000e+00
8.0,7.0,3.6468117e-01,1.787e-05,0.000e+00
8.0,7.0,3.7017929e-01,1.581e-05,0.000e+00
8.0,7.0,3.7082629e-01,5.486e-05,0.000e+00
8.0,7.0,3.7092152e-01,6.423e-04,0.000e+00
8.0,7.0,3.7276410e-01,1.878e-03,0.000e+00
8.0,7.0,3.7550199e-01,1.367e-03,0.000e+00
8.0,7.0,3.7716369e-01,2.775e-04,0.000e+00
8.0,7.0,3.7765623e-01,9.036e-05,0.000e+00
8.0,7.0,3.7906049e-01,3.240e-05,0.000e+00
8.0,7.0,3.8019091e-01,9.009e-03,0.000e+00
8.0,7.0,3.8158105e-01,7.957e-04,0.000e+00
8.0,7.0,3.8295341e-01,5.660e-02,0.000e+00
8.0,7.0,3.8454084e-01,2.638e-02,0.000e+00
8.0,7.0,3.8777537e-01,2.463e-03,0.000e+00
8.0,7.0,3.8987402e-01,3.970e-04,0.000e+00
8.0,7.0,3.9170840e-01,1.537e-06,0.000e+00
8.0,7.0,3.9524912e-01,1.134e-03,0.000e+00
8.0,7.0,3.9787311e-01,1.157e-03,0.000e+00
8.0,7.0,3.9909602e-01,2.782e-03,0.000e+00
8.0,7.0,4.0386331e-01,7.347e-07,0.000e+00
8.0,7.0,4.0507302e-01,8.480e-03,0.000e+00
8.0,7.0,4.0637658e-01,7.343e-04,0.000e+00
8.0,7.0,4.0951771e-01,2.087e-04,0.000e+00
8.0,7.0,4.1812780e-01,9.248e-08,0.000e+00
8.0,7.0,4.2290193e-01,3.205e-05,0.000e+00
8.0,7.0,4.2557376e-01,2.000e-03,0.000e+00
8.0,7.0,4.2765736e-01,6.379e-04,0.000e+00
8.0,7.0,4.2924205e-01,4.178e-06,0.000e+00
8.0,7.0,4.3032509e-01,2.628e-06,0.000e+00
8.0,7.0,4.3244652e-01,4.819e-04,0.000e+00
8.0,7.0,4.3378562e-01,1.651e-03,0.000e+00
8.0,7.0,4.3431097e-01,1.345e-03,0.000e+00
8.0,7.0,4.3665520e-01,1.242e-05,0.000e+00
8.0,7.0,4.3957763e-01,2.645e-03,0.000e+00
8.0,7.0,4.4060508e-01,3.179e-03,0.000e+00
8.0,7.0,4.4094589e-01,1.571e-04,0.000e+00
8.0,7.0,4.4456817e-01,2.051e-04,0.000e+00
8.0,7.0,4.4759904e-01,1.689e-04,0.000e+00
8.0,7.0,4.4856817e-01,1.325e-08,0.000e+00
8.0,7.0,4.5015833e-01,9.349e-06,0.000e+00
8.0,7.0,4.5126005e-01,4.319e-05,0.000e+00
8.0,7.0,4.5444857e-01,1.299e-03,0.000e+00
8.0,7.0,4.5608748e-01,8.110e-05,0.000e+00
8.0,7.0,4.5802529e-01,2.810e-05,0.000e+00
8.0,7.0,4.6017815e-01,2.474e-05,0.000e+00
8.0,7.0,4.6155097e-01,7.398e-04,0.000e+00
8.0,7.0,4.6309785e-01,9.991e-05,0.000e+00
8.0,7.0,4.6522474e-01,2.688e-04,0.000e+00
8.0,7.0,4.6744003e-01,4.396e-07,0.000e+00
8.0,7.0,4.6952364e-01,1.506e-03,0.000e+00
8.0,7.0,4.7041576e-01,3.091e-03,0.000e+00
8.0,7.0,4.7357421e-01,1.261e-08,0.000e+00
8.0,7.0,4.7516209e-01,1.689e-03,0.000e+00
8.0,7.0,4.7644288e-01,1.850e-05,0.000e+00
8.0,7.0,4.8223625e-01,5.006e-07,0.000e+00
8.0,7.0,4.8251281e-01,1.256e-05,0.000e+00
8.0,7.0,4.8713293e-01,3.674e-05,0.000e+00
8.0,7.0,4.9077480e-01,4.904e-03,0.000e+00
8.0,7.0,5.0342044e-01,6.064e-06,0.000e+00
8.0,7.0,5.2107393e-01,8.887e-08,0.000e+00
8.0,7.0,5.2826791e-01,3.167e-05,0.000e+00
8.0,7.0,5.2871717e-01,1.686e-06,0.000e+00
8.0,7.0,5.4126028e-01,1.294e-06,0.000e+00
8.0,7.0,5.7701150e-01,6.322e-05,0.000e+00
8.0,7.0,5.9722975e-01,5.180e-05,0.000e+00
8.0,7.0,6.0943889e-01,7.029e-04,0.000e+00
8.0,7.0,6.2543889e-01,8.829e-05,0.000e+00
8.0,8.0,3.4471398e-02,5.998e-07,7.684e-19
8.0,8.0,5.4708372e-02,8.859e-03,4.451e-14
8.0,8.0,6.6639207e-02,4.884e-01,4.494e-12
8.0,8.0,7.0930083e-02,4.112e-01,4.508e-12
8.0,8.0,7.4216790e-02,2.758e-04,3.490e-15
8.0,8.0,7.6241941e-02,1.741e+00,2.359e-11
8.0,8.0,8.2113635e-02,1.482e-01,2.519e-12
8.0,8.0,8.6990773e-02,5.596e-02,1.144e-12
8.0,8.0,8.9707712e-02,3.292e-01,7.650e-12
8.0,8.0,9.2681718e-02,2.682e-03,2.788e-11
8.0,8.0,9.9779929e-02,1.360e-01,6.887e-12
8.0,8.0,1.0879481e-01,1.324e+02,5.203e-09
8.0,8.0,1.1390628e-01,1.158e-01,1.623e-11
8.0,8.0,1.2674792e-01,6.233e-02,5.009e-09
8.0,8.0,1.4422964e-01,2.045e+00,1.922e-10
8.0,8.0,1.5376922e-01,3.520e-04,1.508e-11
8.0,8.0,1.5862490e-01,2.991e-02,8.989e-12
8.0,8.0,1.6153093e-01,1.539e-01,1.025e-10
8.0,8.0,1.6184850e-01,4.501e-03,5.991e-11
8.0,8.0,1.6536508e-01,1.712e+00,2.529e-10
8.0,8.0,1.6708737e-01,3.911e+00,5.682e-10
8.0,8.0,1.6831120e-01,9.572e-04,1.013e-11
8.0,8.0,1.6899829e-01,3.547e-03,3.015e-12
8.0,8.0,1.6980613e-01,7.018e-02,4.812e-11
8.0,8.0,1.7159403e-01,5.558e-01,3.648e-10
8.0,8.0,1.7364666e-01,1.114e+00,2.301e-10
8.0,8.0,1.7578540e-01,9.836e+00,1.943e-09
8.0,8.0,1.7988245e-01,4.627e-02,4.647e-11
8.0,8.0,1.8023328e-01,4.948e-01,2.823e-10
8.0,8.0,1.8279941e-01,2.430e-02,1.912e-10
8.0,8.0,1.8671876e-01,4.818e-05,1.121e-11
8.0,8.0,1.8697346e-01,2.739e-03,6.848e-11
8.0,8.0,1.8858594e-01,4.018e-01,1.490e-10
8.0,8.0,1.8962296e-01,2.115e-01,6.829e-10
8.0,8.0,1.9121358e-01,4.367e-04,1.334e-11
8.0,8.0,1.9167149e-01,1.770e-02,2.519e-10
8.0,8.0,1.9327987e-01,1.969e-02,6.251e-11
8.0,8.0,1.9436929e-01,1.603e+00,1.800e-09
8.0,8.0,1.9686342e-01,2.809e-03,6.637e-10
8.0,8.0,1.9759107e-01,7.646e-02,1.663e-09
8.0,8.0,1.9972298e-01,3.285e-01,1.961e-10
8.0,8.0,2.0084383e-01,7.971e-03,1.277e-10
8.0,8.0,2.0100057e-01,2.119e-02,6.197e-10
8.0,8.0,2.0230049e-01,1.503e-05,1.590e-11
8.0,8.0,2.0349744e-01,4.096e-03,5.227e-10
8.0,8.0,2.0389247e-01,9.366e-03,1.189e-09
8.0,8.0,2.0522383e-01,2.311e-02,2.764e-10
8.0,8.0,2.0819501e-01,1.098e-01,2.666e-10
8.0,8.0,2.0986992e-01,2.542e-02,1.548e-10
8.0,8.0,2.0997335e-01,4.477e-03,1.124e-10
8.0,8.0,2.1188700e-01,1.554e-01,6.114e-10
8.0,8.0,2.1202460e-01,1.455e-01,4.438e-10
8.0,8.0,2.1307985e-01,1.200e-01,2.234e-09
8.0,8.0,2.1486502e-01,1.500e-03,1.234e-09
8.0,8.0,2.1582504e-01,1.289e-02,1.681e-10
8.0,8.0,2.1658458e-01,3.150e-03,2.813e-10
8.0,8.0,2.1880852e-01,1.445e-03,1.137e-10
8.0,8.0,2.1961818e-01,2.376e-05,4.612e-12
8.0,8.0,2.1998360e-01,3.056e-04,1.038e-11
8.0,8.0,2.2108532e-01,1.289e-03,2.201e-10
8.0,8.0,2.2164757e-01,8.391e-05,3.886e-11
8.0,8.0,2.2255245e-01,1.570e-06,1.250e-11
8.0,8.0,2.2397312e-01,7.490e-04,3.867e-10
8.0,8.0,2.2641941e-01,2.282e-03,2.873e-09
8.0,8.0,2.2695888e-01,7.900e-08,1.012e-10
8.0,8.0,2.2745552e-01,8.450e-04,7.646e-11
8.0,8.0,2.2801094e-01,1.263e-03,0.000e+00
8.0,8.0,2.3041440e-01,3.635e-05,0.000e+00
8.0,8.0,2.3179679e-01,1.062e-03,0.000e+00
8.0,8.0,2.3397790e-01,4.763e-03,0.000e+00
8.0,8.0,2.3425584e-01,1.126e-04,0.000e+00
8.0,8.0,2.3512655e-01,1.055e-03,0.000e+00
8.0,8.0,2.3525550e-01,1.380e-03,0.000e+00
8.0,8.0,2.3646839e-01,4.734e-02,0.000e+00
8.0,8.0,2.3858891e-01,4.404e-05,0.000e+00
8.0,8.0,2.4030619e-01,1.074e-01,0.000e+00
8.0,8.0,2.4075863e-01,5.020e-05,0.000e+00
8.0,8.0,2.4234788e-01,4.408e-04,0.000e+00
8.0,8.0,2.4287094e-01,2.485e-02,0.000e+00
8.0,8.0,2.4446338e-01,5.038e-02,0.000e+00
8.0,8.0,2.4489669e-01,1.262e-02,0.000e+00
8.0,8.0,2.4727190e-01,7.444e-03,0.000e+00
8.0,8.0,2.4805741e-01,4.285e-02,0.000e+00
8.0,8.0,2.4947625e-01,5.694e-03,0.000e+00
8.0,8.0,2.5332498e-01,1.789e-03,0.000e+00
8.0,8.0,2.5460121e-01,8.426e-08,0.000e+00
8.0,8.0,2.5582823e-01,1.297e-03,0.000e+00
8.0,8.0,2.5710126e-01,1.116e-05,0.000e+00
8.0,8.0,2.5740563e-01,7.752e-08,0.000e+00
8.0,8.0,2.5852466e-01,1.253e-03,0.000e+00
8.0,8.0,2.5965919e-01,6.480e-03,0.000e+00
8.0,8.0,2.6138057e-01,3.128e-04,0.000e+00
8.0,8.0,2.6287778e-01,5.901e-03,0.000e+00
8.0,8.0,2.6404010e-01,1.302e-04,0.000e+00
8.0,8.0,2.6471671e-01,3.247e-06,0.000e+00
8.0,8.0,2.6526438e-01,1.431e-08,0.000e+00
8.0,8.0,2.6561613e-01,6.598e-05,0.000e+00
8.0,8.0,2.6948992e-01,6.551e-04,0.000e+00
8.0,8.0,2.7158720e-01,7.082e-06,0.000e+00
8.0,8.0,2.7253036e-01,7.884e-04,0.000e+00
8.0,8.0,2.7437430e-01,2.337e-02,0.000e+00
8.0,8.0,2.7476432e-01,1.923e-02,0.000e+00
8.0,8.0,2.7670714e-01,2.074e-04,0.000e+00
8.0,8.0,2.7823533e-01,1.461e-03,0.000e+00
8.0,8.0,2.7939310e-01,7.486e-06,0.000e+00
8.0,8.0,2.7995307e-01,4.128e-03,0.000e+00
8.0,8.0,2.8203486e-01,8.243e-03,0.000e+00
8.0,8.0,2.8230641e-01,8.711e-03,0.000e+00
8.0,8.0,2.8413396e-01,7.146e-03,0.000e+00
8.0,8.0,2.8550632e-01,1.663e-03,0.000e+00
8.0,8.0,2.8622075e-01,1.005e-04,0.000e+00
8.0,8.0,2.8696617e-01,2.597e-03,0.000e+00
8.0,8.0,2.8878597e-01,4.891e-02,0.000e+00
8.0,8.0,2.9023898e-01,5.226e-01,0.000e+00
8.0,8.0,2.9225515e-01,2.852e-04,0.000e+00
8.0,8.0,2.9323112e-01,2.440e-02,0.000e+00
8.0,8.0,2.9366397e-01,1.082e-04,0.000e+00
8.0,8.0,2.9540540e-01,3.563e-03,0.000e+00
8.0,8.0,2.9656726e-01,1.988e-02,0.000e+00
8.0,8.0,2.9794282e-01,4.156e-04,0.000e+00
8.0,8.0,2.9827224e-01,1.900e-02,0.000e+00
8.0,8.0,2.9997494e-01,3.627e-04,0.000e+00
8.0,8.0,3.0102517e-01,6.135e-04,0.000e+00
8.0,8.0,3.0344367e-01,2.892e-02,0.000e+00
8.0,8.0,3.0487709e-01,2.380e-03,0.000e+00
8.0,8.0,3.0548217e-01,4.036e-03,0.000e+00
8.0,8.0,3.0800547e-01,1.479e-03,0.000e+00
8.0,8.0,3.0829571e-01,9.348e-04,0.000e+00
8.0,8.0,3.0891582e-01,5.326e-05,0.000e+00
8.0,8.0,3.0923704e-01,5.647e-03,0.000e+00
8.0,8.0,3.1079576e-01,8.588e-03,0.000e+00
8.0,8.0,3.1246702e-01,1.073e-04,0.000e+00
8.0,8.0,3.1322064e-01,3.538e-05,0.000e+00
8.0,8.0,3.1432464e-01,1.431e-04,0.000e+00
8.0,8.0,3.1593530e-01,1.130e-03,0.000e+00
8.0,8.0,3.1777560e-01,2.401e-03,0.000e+00
8.0,8.0,3.1953708e-01,2.430e-06,0.000e+00
8.0,8.0,3.2004875e-01,1.933e-05,0.000e+00
8.0,8.0,3.2068983e-01,7.391e-07,0.000e+00
8.0,8.0,3.2263766e-01,2.179e-03,0.000e+00
8.0,8.0,3.2544527e-01,6.110e-05,0.000e+00
8.0,8.0,3.2999066e-01,1.076e-03,0.000e+00
8.0,8.0,3.3228067e-01,1.153e-04,0.000e+00
8.0,8.0,3.3282014e-01,3.719e-05,0.000e+00
8.0,8.0,3.3389999e-01,3.259e-06,0.000e+00
8.0,8.0,3.3510605e-01,4.646e-05,0.000e+00
8.0,8.0,3.3560998e-01,1.852e-05,0.000e+00
8.0,8.0,3.3641736e-01,5.046e-07,0.000e+00
8.0,8.0,3.4050256e-01,4.350e-04,0.000e+00
8.0,8.0,3.4087071e-01,1.769e-04,0.000e+00
8.0,8.0,3.4435904e-01,2.784e-05,0.000e+00
8.0,8.0,3.4659255e-01,1.124e-04,0.000e+00
8.0,8.0,3.4821643e-01,7.332e-07,0.000e+00
8.0,8.0,3.4860918e-01,7.215e-04,0.000e+00
8.0,8.0,3.4930630e-01,3.012e-05,0.000e+00
8.0,8.0,3.5136621e-01,2.447e-06,0.000e+00
8.0,8.0,3.5244561e-01,9.099e-04,0.000e+00
8.0,8.0,3.5456248e-01,2.148e-04,0.000e+00
8.0,8.0,3.5913065e-01,3.197e-04,0.000e+00
8.0,8.0,3.6105297e-01,2.889e-04,0.000e+00
8.0,8.0,3.6218658e-01,3.369e-04,0.000e+00
8.0,8.0,3.7250849e-01,6.050e-04,0.000e+00
8.0,8.0,3.7319239e-01,5.297e-04,0.000e+00
8.0,8.0,3.7773323e-01,5.431e-05,0.000e+00
8.0,8.0,3.7806083e-01,4.595e-03,0.000e+00
8.0,8.0,3.8188860e-01,9.333e-08,0.000e+00
8.0,8.0,3.8600068e-01,4.085e-05,0.000e+00
8.0,8.0,3.8721768e-01,9.435e-04,0.000e+00
8.0,8.0,3.8789976e-01,3.441e-03,0.000e+00
8.0,8.0,3.8946258e-01,1.985e-03,0.000e+00
8.0,8.0,3.9282925e-01,7.130e-02,0.000e+00
8.0,8.0,3.9464085e-01,5.000e-02,0.000e+00
8.0,8.0,3.9740472e-01,1.590e-04,0.000e+00
8.0,8.0,4.0003235e-01,8.739e-04,0.000e+00
8.0,8.0,4.0279850e-01,5.941e-02,0.000e+00
8.0,8.0,4.1226700e-01,8.490e-05,0.000e+00
8.0,8.0,4.1954983e-01,3.296e-05,0.000e+00
8.0,8.0,4.2226267e-01,1.305e-03,0.000e+00
8.0,8.0,4.2391115e-01,3.601e-03,0.000e+00
8.0,8.0,4.3286434e-01,1.587e-03,0.000e+00
8.0,8.0,4.3635266e-01,1.041e-03,0.000e+00
8.0,8.0,4.3833056e-01,4.558e-03,0.000e+00
8.0,8.0,4.4159927e-01,5.994e-04,0.000e+00
8.0,8.0,4.4708828e-01,4.992e-04,0.000e+00
8.0,8.0,4.4957376e-01,1.367e-06,0.000e+00
8.0,8.0,4.5152478e-01,1.190e-06,0.000e+00
8.0,8.0,4.5188245e-01,4.415e-05,0.000e+00
8.0,8.0,4.5555576e-01,4.738e-09,0.000e+00
8.0,8.0,4.5896799e-01,1.163e-03,0.000e+00
8.0,8.0,4.6267821e-01,2.388e-03,0.000e+00
8.0,8.0,4.6740631e-01,8.475e-05,0.000e+00
8.0,8.0,4.7173801e-01,2.253e-05,0.000e+00
8.0,8.0,4.7285431e-01,2.578e-07,0.000e+00
8.0,8.0,4.8054220e-01,1.200e-03,0.000e+00
8.0,8.0,5.0753343e-01,8.832e-08,0.000e+00
8.0,8.0,5.2671238e-01,3.958e-06,0.000e+00
8.0,8.0,5.2876455e-01,3.041e-05,0.000e+00
8.0,8.0,5.3798428e-01,4.118e-06,0.000e+00
8.0,8.0,6.0152455e-01,1.861e-04,0.000e+00
8.0,9.0,4.5522132e-02,2.923e-04,7.609e-16
8.0,9.0,6.1491878e-02,4.270e-02,2.704e-13
8.0,9.0,7.2775259e-02,2.546e+00,2.696e-11
8.0,9.0,7.6171728e-02,4.322e-03,5.277e-14
8.0,9.0,8.0770703e-02,4.661e-01,6.712e-12
8.0,9.0,9.9503588e-02,5.881e-01,1.585e-11
8.0,9.0,1.0815177e-01,1.453e+02,5.074e-09
8.0,9.0,1.4857045e-01,1.774e-01,1.599e-11
8.0,9.0,1.5701515e-01,2.467e-01,2.651e-11
8.0,9.0,1.5963777e-01,1.499e-01,1.684e-11
8.0,9.0,1.6115047e-01,2.467e-02,3.617e-11
8.0,9.0,1.6684087e-01,3.664e+00,4.680e-10
8.0,9.0,1.6821551e-01,2.003e-02,4.137e-12
8.0,9.0,1.7190705e-01,1.438e+01,2.008e-09
8.0,9.0,1.7307848e-01,3.789e+00,5.421e-10
8.0,9.0,1.7579178e-01,8.409e-02,1.471e-11
8.0,9.0,1.7768858e-01,8.296e-03,1.728e-11
8.0,9.0,1.7992938e-01,1.019e+00,1.813e-10
8.0,9.0,1.8393029e-01,1.169e+00,2.479e-10
8.0,9.0,1.8650507e-01,2.591e-03,1.089e-11
8.0,9.0,1.8750792e-01,9.709e-03,3.677e-12
8.0,9.0,1.8934685e-01,6.940e-03,1.783e-11
8.0,9.0,1.8961203e-01,2.541e-01,5.348e-11
8.0,9.0,1.9137259e-01,2.656e-04,3.585e-10
8.0,9.0,1.9201230e-01,3.317e-01,5.584e-10
8.0,9.0,1.9294225e-01,5.361e-01,1.889e-09
8.0,9.0,1.9551247e-01,1.939e-01,1.926e-10
8.0,9.0,2.0010480e-01,4.794e-03,8.845e-10
8.0,9.0,2.0034856e-01,4.293e-04,8.890e-12
8.0,9.0,2.0090398e-01,4.585e-02,1.106e-09
8.0,9.0,2.0475362e-01,2.280e-01,3.427e-10
8.0,9.0,2.0599248e-01,4.088e-04,2.290e-12
8.0,9.0,2.1060622e-01,1.276e-02,2.352e-11
8.0,9.0,2.1243877e-01,5.794e-03,3.242e-11
8.0,9.0,2.1286889e-01,9.269e-03,7.944e-12
8.0,9.0,2.1491240e-01,2.013e-02,1.450e-11
8.0,9.0,2.1574667e-01,3.891e-04,4.663e-12
8.0,9.0,2.1732771e-01,5.108e-03,4.881e-11
8.0,9.0,2.1978221e-01,1.226e-05,7.040e-12
8.0,9.0,2.2194373e-01,6.441e-04,1.629e-10
8.0,9.0,2.2254198e-01,1.481e-04,1.115e-10
8.0,9.0,2.2277708e-01,4.734e-04,1.265e-11
8.0,9.0,2.2465338e-01,3.266e-08,1.405e-11
8.0,9.0,2.2684679e-01,1.263e-02,3.403e-09
8.0,9.0,2.3000478e-01,3.809e-06,0.000e+00
8.0,9.0,2.3020253e-01,2.503e-03,0.000e+00
8.0,9.0,2.3176125e-01,1.534e-04,0.000e+00
8.0,9.0,2.3236587e-01,1.443e-03,0.000e+00
8.0,9.0,2.3315184e-01,1.749e-04,0.000e+00
8.0,9.0,2.3349812e-01,1.972e-04,0.000e+00
8.0,9.0,2.3353001e-01,3.785e-03,0.000e+00
8.0,9.0,2.3461533e-01,8.219e-04,0.000e+00
8.0,9.0,2.3778016e-01,5.086e-02,0.000e+00
8.0,9.0,2.4139970e-01,5.748e-03,0.000e+00
8.0,9.0,2.4256020e-01,6.802e-05,0.000e+00
8.0,9.0,2.4286001e-01,7.879e-04,0.000e+00
8.0,9.0,2.4374530e-01,4.995e-03,0.000e+00
8.0,9.0,2.4415583e-01,3.463e-02,0.000e+00
8.0,9.0,2.4596150e-01,3.490e-02,0.000e+00
8.0,9.0,2.5105411e-01,6.341e-03,0.000e+00
8.0,9.0,2.5185967e-01,1.254e-03,0.000e+00
8.0,9.0,2.5485272e-01,7.728e-03,0.000e+00
8.0,9.0,2.5713772e-01,2.016e-03,0.000e+00
8.0,9.0,2.5776968e-01,2.256e-06,0.000e+00
8.0,9.0,2.5847454e-01,3.612e-06,0.000e+00
8.0,9.0,2.6038638e-01,1.444e-03,0.000e+00
8.0,9.0,2.6383142e-01,5.368e-04,0.000e+00
8.0,9.0,2.6605764e-01,7.186e-09,0.000e+00
8.0,9.0,2.6691696e-01,2.604e-04,0.000e+00
8.0,9.0,2.7145962e-01,1.993e-03,0.000e+00
8.0,9.0,2.7301150e-01,1.197e-03,0.000e+00
8.0,9.0,2.7389452e-01,3.680e-03,0.000e+00
8.0,9.0,2.7475886e-01,8.846e-04,0.000e+00
8.0,9.0,2.7648753e-01,1.080e-05,0.000e+00
8.0,9.0,2.7792323e-01,5.398e-04,0.000e+00
8.0,9.0,2.8057319e-01,3.510e-03,0.000e+00
8.0,9.0,2.8237612e-01,2.312e-04,0.000e+00
8.0,9.0,2.8442647e-01,2.331e-03,0.000e+00
8.0,9.0,2.8497733e-01,1.967e-05,0.000e+00
8.0,9.0,2.8686046e-01,8.421e-03,0.000e+00
8.0,9.0,2.8849208e-01,6.944e-04,0.000e+00
8.0,9.0,2.9241098e-01,5.491e-03,0.000e+00
8.0,9.0,2.9734776e-01,1.594e-05,0.000e+00
8.0,9.0,2.9759608e-01,1.397e-02,0.000e+00
8.0,9.0,2.9993120e-01,3.914e-11,0.000e+00
8.0,9.0,3.0302312e-01,1.583e-02,0.000e+00
8.0,9.0,3.0428523e-01,5.485e-03,0.000e+00
8.0,9.0,3.0566397e-01,2.480e-03,0.000e+00
8.0,9.0,3.0720902e-01,8.707e-05,0.000e+00
8.0,9.0,3.0803463e-01,2.154e-03,0.000e+00
8.0,9.0,3.0859688e-01,2.720e-05,0.000e+00
8.0,9.0,3.0985260e-01,1.985e-02,0.000e+00
8.0,9.0,3.1344982e-01,5.452e-04,0.000e+00
8.0,9.0,3.1677412e-01,5.070e-04,0.000e+00
8.0,9.0,3.1752227e-01,2.045e-03,0.000e+00
8.0,9.0,3.1817519e-01,5.322e-05,0.000e+00
8.0,9.0,3.1942636e-01,3.370e-04,0.000e+00
8.0,9.0,3.2221711e-01,2.503e-06,0.000e+00
8.0,9.0,3.2760588e-01,1.273e-03,0.000e+00
8.0,9.0,3.3417474e-01,3.748e-04,0.000e+00
8.0,9.0,3.3654220e-01,7.584e-06,0.000e+00
8.0,9.0,3.4037772e-01,3.292e-05,0.000e+00
8.0,9.0,3.4232190e-01,8.597e-05,0.000e+00
8.0,9.0,3.4373664e-01,2.627e-06,0.000e+00
8.0,9.0,3.4589589e-01,2.702e-07,0.000e+00
8.0,9.0,3.4802870e-01,8.197e-06,0.000e+00
8.0,9.0,3.5425265e-01,1.593e-03,0.000e+00
8.0,9.0,3.5712222e-01,1.827e-03,0.000e+00
8.0,9.0,3.6910445e-01,1.989e-06,0.000e+00
8.0,9.0,3.7187561e-01,5.930e-05,0.000e+00
8.0,9.0,3.8026837e-01,3.804e-05,0.000e+00
8.0,9.0,3.8423283e-01,4.089e-03,0.000e+00
8.0,9.0,3.8795398e-01,5.872e-04,0.000e+00
8.0,9.0,3.9075840e-01,5.593e-04,0.000e+00
8.0,9.0,3.9598496e-01,1.770e-02,0.000e+00
8.0,9.0,3.9988154e-01,3.089e-03,0.000e+00
8.0,9.0,4.0400000e-01,7.106e-04,0.000e+00
8.0,9.0,4.1079212e-01,2.047e-05,0.000e+00
8.0,9.0,4.2052033e-01,2.722e-05,0.000e+00
8.0,9.0,4.3370817e-01,7.007e-05,0.000e+00
8.0,9.0,4.4235836e-01,5.019e-04,0.000e+00
8.0,9.0,4.4741178e-01,7.664e-06,0.000e+00
8.0,9.0,4.5176307e-01,9.776e-05,0.000e+00
8.0,9.0,4.5779200e-01,2.745e-05,0.000e+00
8.0,9.0,4.6793439e-01,5.857e-05,0.000e+00
8.0,9.0,4.7401572e-01,4.318e-05,0.000e+00
8.0,9.0,5.1116391e-01,3.369e-06,0.000e+00
8.0,9.0,5.2282994e-01,2.956e-08,0.000e+00
8.0,9.0,5.3417838e-01,7.925e-06,0.000e+00
